Time,FC,PAS,PAM,PAD
-1,63,119,88,71
0,69.3,130.9,96.8,71
30,68.1509,128.999,96.081,71
60,68.0578,132.925,97.9647,71
90,69.9485,131.606,98.6851,71
120,69.675,129.653,96.7068,71
150,76.8918,133.897,106.564,71
180,75.3964,128.723,107.788,71
210,77.1714,129.111,105.94,71
240,75.9176,133.438,104.316,71
270,67.9083,130.279,96.0012,71
300,68.3146,128.129,99.1389,71
330,69.9356,133.346,96.0828,71
360,68.2055,133.07,95.6542,71
390,70.3066,132.743,95.14,71
420,70.8519,133.703,96.6847,71
450,69.5697,133.854,99.8191,69.5041
480,69.9773,128.299,97.304,69.3244
510,68.0989,135.716,95.4048,71.6534
540,72.2167,130.91,95.1097,71.0024
570,69.7405,127.531,96.9413,72.1495
600,67.9289,133.285,95.9944,71.1433
630,69.2283,131.636,95.1665,70.3501
660,70.4874,127.017,97.5559,72.7402
690,72.3004,132.925,99.4518,69.6748
720,71.2883,133.071,99.8969,72.1947
750,67.4985,128.75,96.7817,72.2077
780,68.4671,130.621,93.9833,70.0357
810,71.0676,130.27,97.6001,71.6536
840,67.8057,129.132,100.151,71.2241
870,68.5937,103.438,73.76,55.0828
900,66.7866,102.292,75.2235,57.0727
930,66.5051,106.288,78.1448,55.4953
960,66.3812,109.036,77.2487,55.7068
990,64.0331,105.609,79.8231,57.0754
1020,66.0175,102.371,75.3391,56.338
1050,66.7687,106.438,71.7077,55.8409
1080,66.6216,104.816,71.8436,55.0931
1110,61.2298,99.9119,76.3336,58.7496
1140,64.4369,104.48,77.1495,71.776
1170,61.6709,108.481,82.4292,71.9909
1200,62.5634,102.573,77.513,67.4882
1230,61.0925,106.04,72.6603,74.7843
1260,60.3901,125.515,94.5689,71.761
1290,65.0477,128.77,96.8662,68.5821
1320,65.6764,130.678,100.258,72.4822
1350,62.2754,128.493,96.148,71.4359
1380,59.4981,105.706,78.9031,64.6271
1410,52.8734,89.265,44.2393,48.1893
1440,52.4264,94.9522,43.7776,53.3007
1470,49.5095,93.5703,41.6292,51.7489
1500,51.8935,88.6878,43.5501,46.5116
1530,50.8272,93.7091,43.0789,51.5898
1560,52.5634,87.8835,44.6855,48.1788
1590,52.5633,94.1509,38.6449,48.6632
1620,55.8891,92.422,63.933,48.0455
1650,57.0625,84.1936,63.046,48.1304
1680,54.6233,89.2881,61.8141,50.4907
1710,56.8582,89.8851,62.3396,51.7516
1740,54.4683,86.0533,62.5755,47.9798
1770,56.3736,85.3761,62.8472,51.0892
1800,54.3582,91.989,65.1021,50.107
1830,55.342,87.4243,62.9681,48.7367
1860,56.9259,90.8922,60.9082,48.2872
1890,54.3424,86.7037,64.6539,50.792
1920,57.5626,87.9141,64.8551,48.1379
1950,56.8752,91.4204,63.1597,50.7055
1980,59.8559,95.4831,61.5846,47.997
2010,54.3865,90.9939,61.946,50.8898
2040,57.5785,88.2959,62.9666,52.1436
2070,54.913,71.0798,54.067,42.6535
2100,50.6663,65.5229,40.5939,33.5974
2130,51.8005,63.0719,45.964,33.1451
2160,54.6965,66.4134,46.6544,36.3639
2190,66.247,73.5347,56.283,34.7497
2220,67.1534,84.9636,56.4967,36.4648
2250,66.2108,73.3451,57.267,35.4672
2280,67.0299,77.9307,59.6065,36.0977
2310,63.4396,82.7045,56.7465,34.412
2340,64.8733,80.7693,57.0274,38.8609
2370,63.9915,80.1123,57.0863,33.417
2400,53.7678,61.2372,54.174,35.792
2430,52.8157,61.3473,55.1692,38.2974
2460,53.5019,63.8622,53.1226,33.9636
2490,53.5034,65.1824,58.392,34.1843
2520,54.5954,59.2399,54.2139,30.2947
2550,56.3149,61.5916,53.4527,33.7923
2580,53.4749,59.5323,56.9931,34.8637
2610,53.6189,66.2934,53.0032,32.3007
2640,52.733,61.6715,56.4112,33.2417
2670,54.8564,66.1576,54.5284,30.3541
2700,51.3923,65.3367,52.0728,33.113
2730,54.5372,67.8686,55.1553,29.9205
2760,63.3311,79.3514,60.5478,35.6687
2790,63.7567,85.5346,64.3651,31.9151
2820,59.9911,78.1796,58.0829,29.6267
2850,63.3916,84.0195,58.9122,31.544
2880,62.5843,77.0959,62.7442,31.9628
2910,61.8731,85.0093,61.2625,36.4413
2940,63.7662,80.2537,63.5651,31.8924
2970,59.902,82.9491,60.674,36.7626
3000,60.1583,77.2764,64.8493,35.7214
3030,65.4345,74.65,60.4132,32.3139
3060,61.8388,84.476,56.9296,35.9937
3090,66.3272,86.8969,62.4548,31.3121
3120,63.8453,84.3771,65.0914,32.8955
3150,67.0171,82.4033,66.5918,35.1523
3180,68.6204,86.2255,63.8313,36.9889
3210,64.0774,86.2044,62.2888,35.2422
3240,65.5003,88.745,64.3424,33.9432
3270,67.1584,86.0995,64.3786,29.791
3300,64.5274,92.712,59.5088,37.128
3330,68.2572,87.1339,59.5037,33.1369
3360,69.2814,98.6621,66.917,30.9905
3390,65.0701,93.0919,63.38,36.3657
3420,69.1911,89.6104,63.6871,30.598
3450,70.6469,94.8822,65.7135,30.8887
3480,70.1254,88.593,66.2281,36.2339
3510,69.5646,87.7418,68.8522,34.7335
3540,72.5552,91.922,65.7534,36.2593
3570,72.1367,87.9495,63.9925,30.9244
3600,74.6776,92.5769,59.4222,34.2853
3630,72.4947,89.2724,67.418,35.9647
3660,73.3874,95.8901,63.8323,36.1947
3690,67.9065,91.8412,62.829,34.0979
3720,72.083,96.567,65.6751,38.2734
3750,69.0818,89.5991,62.9388,31.5246
3780,72.5715,95.5452,64.4639,28.7973
3810,69.5616,96.4326,68.0645,31.0459
3840,73.1551,98.7902,60.964,34.7842
3870,68.393,96.5865,69.4187,30.7064
3900,68.4649,94.4311,60.9414,29.6569
3930,68.6902,94.3944,61.8436,36.2492
3960,65.8236,91.8917,63.2856,32.9246
3990,65.046,100.334,63.1497,36.8445
4020,67.1308,96.0148,61.6732,31.9249
4050,68.6027,96.2808,63.594,33.8817
4080,66.4808,94.7064,62.2446,30.7271
4110,67.1671,91.4118,60.6738,32.0567
4140,67.6343,98.4481,63.8613,35.3279
4170,66.5796,98.0056,65.5948,37.5043
4200,65.7722,98.0473,65.6036,31.7913
4230,68.1655,93.1279,68.7194,32.3688
4260,66.2923,95.3585,64.3737,34.9512
4290,66.9829,99.0337,64.8322,32.1127
4320,70.7212,90.3094,65.0545,34.1175
4350,66.3722,99.8744,62.1721,35.0434
4380,65.3591,93.9045,61.3249,31.3951
4410,70.6106,92.4765,63.4891,31.002
4440,69.9607,96.1414,63.3824,31.3966
4470,69.0545,94.7753,62.4414,31.891
4500,67.0912,101.321,66.3931,31.6005
4530,67.6182,91.1771,67.7377,35.7147
4560,70.0143,92.2755,57.9605,33.6663
4590,70.5853,100.356,64.5026,38.9671
4620,70.0962,97.8606,68.0185,28.3078
4650,70.7347,93.2543,65.5635,30.1757
4680,68.5564,100.276,64.0255,29.4477
4710,71.907,99.6431,66.1255,34.8437
4740,70.6931,92.0937,70.198,30.291
4770,72.8877,90.807,67.91,34.6259
4800,73.3811,92.5613,63.2999,34.9859
4830,72.6946,96.1397,64.1859,30.7444
4860,72.525,95.2725,67.2466,30.7463
4890,75.3158,89.2084,68.5913,33.5482
4920,76.7685,96.7728,71.2253,32.3862
4950,76.115,95.7434,68.0602,33.7266
4980,78.018,92.2628,64.8107,34.1308
5010,73.5742,94.9136,63.2049,32.1136
5040,74.2661,92.9438,67.4679,36.3327
5070,75.7717,97.3296,69.7963,31.3854
5100,73.4423,92.8775,66.5169,33.9822
5130,74.7796,94.0051,65.0937,30.093
5160,72.9955,92.303,68.5697,32.4351
5190,76.8746,93.0997,66.1319,31.0379
5220,76.9557,94.9266,65.3483,35.7766
5250,75.8073,89.6397,64.8737,33.7139
5280,76.6377,90.7373,71.2455,35.3638
5310,77.3548,93.7806,63.8867,34.4785
5340,74.6065,97.5543,66.9324,31.4713
5370,75.4558,92.6345,65.004,32.6428
5400,73.6537,93.0351,66.4644,29.3114
5430,77.5521,91.6935,70.2779,31.9966
5460,76.2634,91.6857,68.8678,32.6088
5490,77.0366,93.7754,69.6835,31.3511
5520,76.3604,96.2919,69.5939,31.1502
5550,74.9428,96.9221,67.3907,31.1285
5580,78.8295,89.9571,66.7937,33.0101
5610,74.7155,95.875,69.0908,34.4616
5640,75.9914,89.147,68.3361,30.198
5670,71.995,89.146,70.1684,30.7116
5700,74.1235,97.7902,68.6031,33.4879
5730,76.2854,94.8297,70.4671,32.5607
5760,75.6805,88.5919,67.746,32.6209
5790,76.2476,91.0646,68.5855,30.0874
5820,73.9089,92.2191,71.1509,31.8996
5850,77.0057,95.7164,66.3959,31.425
5880,74.7056,92.3216,71.4965,31.5705
5910,74.3324,91.4657,69.3772,31.8818
5940,76.9797,93.3375,70.5584,31.0356
5970,74.4445,90.4887,67.7761,32.3077
6000,74.0086,95.4171,68.8291,33.5157
6030,75.3563,93.0898,72.7618,31.4065
6060,77.3082,91.2106,70.7507,28.7915
6090,75.5892,97.9506,69.2118,29.2246
6120,78.5059,91.5491,70.7962,34.3835
6150,78.2251,91.0107,67.4716,32.4652
6180,79.5531,95.2619,69.7233,32.2753
6210,80.7696,94.1812,67.4701,29.6554
6240,65.373,72.2309,57.6505,31.702
6270,64.4755,75.4424,57.5481,29.3287
6300,64.2623,75.9263,52.5881,34.3553
6330,64.3928,78.1162,59.0101,29.4797
6360,68.1126,75.8883,56.5528,33.6819
6390,67.6344,73.504,54.1501,32.277
6420,67.6458,71.9715,55.1976,31.6623
6450,69.6787,72.7001,54.202,29.9411
6480,70.3563,70.1463,53.7072,32.2463
6510,67.1801,73.9488,54.3445,31.1823
6540,67.9917,70.7234,53.6112,32.7512
6570,67.4455,72.4458,51.7185,34.8476
6600,68.3495,71.9368,54.8593,31.5756
6630,70.4826,74.7772,57.4759,34.0658
6660,67.4771,73.7968,55.7299,29.1689
6690,71.0441,71.3898,53.0561,34.6999
6720,67.408,75.0232,53.0733,28.7788
6750,68.2399,71.6209,55.8231,30.8073
6780,62.7542,66.7739,49.654,32.6347
6810,64.1951,86.1248,63.708,42.4584
6840,65.9244,104.126,78.3336,55.2186
6870,66.7547,100.521,78.4387,53.2455
6900,68.6037,104.163,79.0582,53.6987
6930,69.643,100.492,77.6899,54.399
6960,68.0102,104.064,77.6689,53.8709
6990,66.5631,104.818,76.7242,55.1329
7020,69.0079,101.301,77.2622,54.8328
7050,68.4111,103.804,79.0667,52.6663
7080,66.4938,101.297,79.1914,55.5399
7110,68.9117,104.978,77.0259,52.9741
7140,68.8714,101.97,77.4881,54.4505
7170,69.3799,105.905,77.2431,55.6968
7200,69.0835,105.188,76.8511,54.3104
7230,65.7677,104.566,77.8892,55.222
7260,69.2003,104.977,78.493,54.0802
7290,67.2716,102.828,79.1188,54.2244
7320,67.9661,103.915,78.2063,53.3559
7350,67.35,105.094,78.7076,52.7076
7380,66.0559,100.852,79.5252,51.9319
7410,65.8378,101.681,76.0977,55.3658
7440,65.9175,101.786,78.1192,52.1702
7470,69.5438,100.58,79.7564,55.1988
7500,68.981,103.827,77.7271,52.7384
7530,65.7655,101.794,79.3325,54.1911
7560,69.0879,102.797,76.0169,52.9214
7590,66.6414,104.359,78.0155,53.1698
7620,68.7352,102.8,77.4948,55.0219
7650,68.2189,102.719,78.8217,54.5908
7680,68.2361,101.931,79.1331,54.2467
7710,66.8244,104.754,77.8914,52.2969
7740,67.1294,105.654,77.4293,53.3648
7770,66.3272,101.672,76.0257,51.9114
7800,68.2103,100.474,77.2293,55.2972
7830,68.4678,105.113,76.9252,53.677
7860,66.6563,103.918,77.1543,55.3204
7890,65.7531,100.533,78.3512,54.4454
7920,66.5426,105.61,79.4003,54.0766
