Time,FC,PAS,PAM,PAD
-1,63,125,79,62
0,69.3,137.5,86.9,62
30,67.6208,140.637,87.1904,62
60,70.2318,139.227,88.5157,62
90,69.1426,134.534,88.5872,62
120,70.533,140.546,87.3763,62
150,76.3723,139.085,97.3843,62
180,75.4604,136.491,97.696,62
210,77.7451,138.127,87.266,62
240,75.9549,137.141,84.7804,62
270,68.971,138.036,88.3749,62
300,68.7117,138.959,86.1416,62
330,70.27,135.539,86.6859,62
360,68.1178,134.484,85.6,62
390,70.3078,134.776,87.7298,62
420,69.1476,138.639,88.5858,62
450,68.3512,141.177,90.4335,60.2608
480,68.7907,140.118,88.7915,63.233
510,69.2614,132.302,83.6204,60.6657
540,69.7814,139.602,88.9441,63.0273
570,69.8059,134.837,84.5034,60.5515
600,66.4394,135.565,85.2677,60.4119
630,69.4486,137.918,86.4871,60.5128
660,66.1856,134.51,83.5807,62.184
690,68.1393,137.62,84.6649,61.0558
720,68.8793,137.196,87.0919,60.8682
750,68.0258,135.676,84.4249,61.8199
780,66.8187,136.611,87.1531,61.885
810,66.5503,135.869,84.8903,62.4327
840,69.4702,140.377,85.0018,60.8452
870,71.4704,138.602,86.8635,61.2356
900,70.3419,138.013,87.1169,60.4256
930,66.8566,109.89,67.882,49.87
960,68.1914,112.448,70.3852,49.4599
990,66.6212,109.116,68.6267,49.12
1020,65.9589,104.968,71.0878,52.4732
1050,64.3229,111.17,69.9262,51.026
1080,64.1401,110.963,73.9568,51.1234
1110,64.2649,107.479,67.9358,49.7554
1140,65.4361,105.254,67.6503,49.8687
1170,63.7586,110.684,73.2043,48.9624
1200,60.4943,136.951,88.896,51.3115
1230,63.4571,132.327,84.8642,51.012
1260,62.8921,139.99,86.5367,52.871
1290,62.7072,137.183,91.2653,50.56
1320,61.7389,135.533,87.3528,62.2845
1350,59.7999,139.379,85.7701,62.2605
1380,65.0856,134.875,84.5844,61.8963
1410,60.3381,136.855,86.6699,63.8096
1440,58.4408,138.935,84.7131,58.9108
1470,60.8125,140.867,85.6359,60.3892
1500,60.6108,135.415,89.43,64.3635
1530,59.2648,135.645,86.1087,64.5797
1560,61.1985,137.54,87.9381,58.5841
1590,62.8978,136.661,83.6434,60.5356
1620,65.4353,137.705,83.042,63.3179
1650,61.9816,135.475,90.9091,61.0799
1680,65.4228,137.107,89.4836,62.4355
1710,61.9282,132.34,86.9741,62.4635
1740,58.1414,96.6926,64.296,53.8186
1770,54.6666,98.0743,41.9866,40.902
1800,53.7592,99.8952,40.7545,45.7008
1830,52.8563,101.668,42.7957,43.6094
1860,52.4495,94.2959,38.0867,43.0465
1890,56.5117,98.19,40.7453,46.3447
1920,54.4021,95.7452,40.6115,46.962
1950,54.566,92.7689,37.2572,44.1434
1980,58.4425,94.4891,56.9324,43.624
2010,57.0989,87.3714,56.2506,38.9071
2040,57.1357,91.8357,59.0939,45.1486
2070,55.9166,93.0064,58.2086,45.0931
2100,56.6099,92.9931,56.2586,41.8027
2130,58.0943,92.1156,58.844,42.2726
2160,57.5604,90.395,59.0466,43.3546
2190,58.0969,88.6093,57.8183,44.3794
2220,56.2169,93.2028,55.8473,43.4651
2250,57.3287,95.9766,57.372,43.0091
2280,58.9268,87.7537,56.2626,46.837
2310,57.502,90.3145,59.0602,44.7771
2340,56.6932,92.0135,57.1427,43.5845
2370,60.0069,88.8475,57.2059,45.0763
2400,58.0979,91.7383,57.4046,44.6934
2430,52.1851,67.9461,38.623,35.1044
2460,51.7003,63.0387,43.2643,29.8905
2490,52.6535,59.7773,40.8129,26.4075
2520,58.3566,70.401,40.4538,28.2632
2550,57.2193,69.6112,47.459,33.7657
2580,55.1147,69.6322,50.1897,25.4239
2610,53.3974,71.3414,44.3307,28.9
2640,53.5366,70.8475,45.3523,31.1921
2670,51.7506,64.3984,43.9331,32.153
2700,53.8445,67.0536,44.991,31.3222
2730,54.612,70.9569,43.1039,31.6318
2760,52.1313,68.5114,46.3383,35.2571
2790,52.5837,69.1149,46.2225,27.2449
2820,55.1713,65.6764,45.4157,30.2989
2850,52.1245,63.197,45.2524,33.3698
2880,52.756,66.4871,47.3408,27.4942
2910,51.4022,66.5722,43.3001,29.0908
2940,51.3866,66.2155,47.045,31.1851
2970,50.6741,67.4945,43.3916,28.7496
3000,53.5687,67.5417,45.8595,30.2314
3030,51.4712,67.2743,47.184,30.1879
3060,52.8924,67.8926,47.1373,31.1225
3090,52.251,65.8183,45.392,29.2597
3120,54.7241,65.046,43.3882,29.2933
3150,53.575,64.5148,49.5828,30.3114
3180,53.8178,65.8712,46.1585,30.2377
3210,52.4546,67.0803,48.5471,27.64
3240,62.9606,83.7389,54.8229,30.5228
3270,64.7034,82.4058,56.9068,31.7263
3300,57.1906,75.0871,53.7641,27.1158
3330,57.8419,71.5556,50.8235,27.1817
3360,55.2113,71.3932,50.141,32.3456
3390,56.9557,78.0299,48.0954,30.5909
3420,53.0472,71.0226,52.7982,27.3089
3450,58.4114,67.3949,50.4748,26.1851
3480,56.277,74.9209,54.2958,27.8596
3510,53.8306,72.2736,49.7802,29.417
3540,54.8594,68.7447,48.4794,28.5323
3570,55.9598,74.8158,47.6672,28.3943
3600,53.1115,70.7088,47.9952,32.6484
3630,53.6114,70.004,45.3982,29.252
3660,54.6151,71.4727,48.9212,35.3541
3690,55.1999,69.8618,49.9775,27.3854
3720,54.5577,75.1097,47.9265,33.5997
3750,53.2336,68.1653,49.928,29.7367
3780,53.798,75.6415,53.4477,29.966
3810,55.4133,76.7466,45.4823,31.6193
3840,55.1873,72.3026,47.2471,30.0628
3870,54.9217,73.0327,46.0256,30.7627
3900,56.3596,74.2107,49.3259,29.2176
3930,52.5293,72.4744,47.8729,31.9646
3960,55.9855,71.0968,45.9401,28.8581
3990,56.8483,70.6519,44.7991,33.9582
4020,54.8022,69.672,48.2471,30.5877
4050,55.9576,71.4709,48.4921,28.4662
4080,55.0025,77.6421,48.9429,31.171
4110,55.6022,75.2768,49.4098,30.9815
4140,57.8047,71.23,47.6138,31.3867
4170,58.3577,71.9872,48.7767,32.0981
4200,60.9266,73.9198,49.5802,28.9619
4230,59.0242,71.8383,49.1737,32.6894
4260,60.5622,74.2542,47.2049,33.1014
4290,58.8251,75.0296,44.5945,30.3387
4320,59.2058,67.7426,46.5913,30.1778
4350,63.472,69.2087,46.4313,28.1783
4380,60.3769,76.002,46.3875,33.1649
4410,62.5053,74.0622,46.6649,34.5291
4440,61.9693,77.2142,46.2879,31.9927
4470,62.9421,75.5775,46.4346,30.2101
4500,59.4981,72.2266,49.235,28.0797
4530,60.1208,75.8261,49.2813,30.1546
4560,59.2294,71.8873,49.9124,29.9355
4590,68.4597,83.7038,55.6831,32.1472
4620,70.4813,82.1944,53.1471,30.8318
4650,72.5805,83.3875,56.2652,29.2794
4680,72.3482,82.7781,55.5057,31.4359
4710,69.8364,84.9399,56.4591,30.5607
4740,73.0472,85.5996,53.3064,31.9114
4770,73.1558,81.597,58.4823,28.0806
4800,75.0194,84.3272,55.488,32.7434
4830,69.8283,84.6472,56.9692,28.6675
4860,70.6739,83.0407,52.881,32.1088
4890,69.7952,82.2166,55.4605,30.7498
4920,78.0974,88.4435,59.3081,31.5985
4950,76.9293,92.3117,57.0804,33.5982
4980,78.9001,89.7464,56.8353,28.5526
5010,75.9925,91.5652,58.774,32.0698
5040,77.6876,92.8734,56.2581,30.2938
5070,73.0866,91.0985,58.9771,32.8863
5100,76.9366,90.9786,56.3717,30.1874
5130,74.2042,85.9723,56.7858,32.2193
5160,78.6703,90.5465,60.757,31.3771
5190,78.5323,89.2892,60.925,29.2443
5220,80.6092,90.5196,53.893,29.4088
5250,77.3721,90.5786,57.251,29.7843
5280,78.2435,89.1927,56.446,30.7952
5310,78.8081,88.8138,54.539,30.5701
5340,76.6428,89.5627,59.3398,31.1766
5370,77.0669,93.1733,55.9637,31.0951
5400,79.1572,91.3353,58.8457,33.2851
5430,80.2258,87.1234,62.044,31.8838
5460,77.8488,90.1727,60.4063,28.4258
5490,76.7622,92.578,56.7731,32.0437
5520,77.4065,90.2623,58.4429,30.3141
5550,77.7931,92.943,63.1465,31.2393
5580,78.7331,90.6705,60.8515,31.2323
5610,74.0436,85.3331,55.1748,34.6751
5640,75.5063,89.7546,56.0447,32.836
5670,72.7391,89.9243,61.8036,32.5591
5700,76.0919,96.6863,57.883,34.1258
5730,76.4903,88.1755,58.9287,28.1733
5760,72.9776,91.0354,57.8269,34.8747
5790,77.0025,97.0267,56.7761,31.6384
5820,75.9374,86.0183,59.3484,31.923
5850,75.5367,90.3286,60.275,29.7079
5880,73.3058,87.5605,61.0606,33.4228
5910,74.3107,89.773,53.2012,30.9002
5940,76.6321,91.1838,62.1791,28.3433
5970,71.1142,90.2495,56.1933,31.9419
6000,73.413,86.4862,58.1438,30.383
6030,74.4547,95.8111,56.084,31.6773
6060,75.132,92.1122,61.9049,31.2873
6090,75.9483,91.801,59.5972,31.2159
6120,75.9662,89.4,60.9583,29.1576
6150,75.2504,91.6217,60.4102,29.0836
6180,74.7143,90.2254,57.1967,30.2304
6210,73.6119,92.5342,62.565,28.1558
6240,78.9031,92.7276,58.2578,30.4672
6270,75.7484,89.1013,56.2469,32.4526
6300,75.1215,96.3691,60.0123,32.961
6330,73.9848,88.3102,62.5404,28.7543
6360,75.6991,93.9909,58.4313,28.768
6390,75.8082,94.3318,61.1254,29.9479
6420,76.3825,93.6809,56.401,32.4032
6450,74.1112,89.8064,56.7736,27.6938
6480,74.3757,90.9696,58.1407,27.6173
6510,74.6266,92.464,57.246,30.3131
6540,75.196,90.8069,61.0407,29.7305
6570,74.1704,89.0294,55.8625,27.7538
6600,78.8584,91.1959,59.356,29.2648
6630,74.9363,93.7998,56.4978,31.7158
6660,74.7304,92.3877,61.1479,30.0596
6690,76.425,93.0466,58.6373,31.3907
6720,74.4086,94.9871,58.6097,30.3674
6750,76.3888,92.7597,57.2593,28.9717
6780,73.7052,94.6176,59.4435,28.8587
6810,72.001,87.4834,58.8852,31.02
6840,77.0779,91.1978,56.4804,33.8403
6870,75.5377,92.1531,56.5039,30.9655
6900,75.2487,91.2239,60.8635,28.9295
6930,75.6413,89.1538,57.8024,28.7643
6960,75.9672,87.6233,56.9229,30.0053
6990,75.3276,95.8294,55.5957,29.3715
7020,74.8794,91.0349,58.2964,31.8488
7050,75.054,92.3528,58.6327,29.139
7080,76.363,89.3472,57.8778,30.3696
7110,76.4989,94.0831,58.9739,29.4319
7140,71.8626,93.6805,60.4778,32.1337
7170,72.9642,91.8872,57.3292,33.1395
7200,76.4036,95.4717,59.2025,29.8358
7230,77.5151,96.3821,60.6434,31.4301
7260,74.2119,93.589,59.3242,28.9412
7290,74.928,93.4726,60.7953,28.7795
7320,75.2891,88.2817,57.2197,29.2716
7350,71.7307,93.8914,61.5086,32.0771
7380,77.2974,89.924,57.5761,32.6258
7410,75.8342,95.3803,56.3565,30.4392
7440,77.5926,93.474,56.6512,29.5877
7470,78.1085,95.1773,56.4762,28.5863
7500,77.7994,94.443,58.3882,30.0131
7530,75.6193,90.605,56.4685,29.8938
7560,77.5301,91.8097,59.2683,33.414
7590,74.4568,92.0044,61.346,33.8715
7620,72.8683,90.0067,58.7428,31.1396
7650,74.3354,89.9525,55.0303,32.7676
7680,74.9429,89.5709,57.8811,31.7887
7710,76.8146,93.5146,54.6781,29.127
7740,77.4781,93.7514,59.6336,28.743
7770,76.8262,93.6692,57.7803,27.8431
7800,75.3693,90.1163,59.8449,28.5551
7830,72.3006,91.6793,60.5059,33.3518
7860,74.0432,92.6176,56.7491,30.2135
7890,75.5051,89.1704,56.7786,31.8382
7920,72.7638,85.0855,59.7606,26.5573
7950,74.3362,92.6563,60.8734,31.675
7980,75.1333,90.0545,59.4467,29.467
8010,74.4427,92.7554,54.1766,30.2215
8040,76.7541,92.3008,58.3072,29.9188
8070,76.3819,93.0134,59.8459,28.6158
8100,78.155,91.1971,57.636,29.281
8130,74.5657,91.0745,54.6232,30.5807
8160,79.086,88.8452,61.0949,27.2067
8190,75.4692,94.3958,58.7292,28.7508
8220,78.1825,86.4135,61.2456,31.869
8250,78.8895,90.6574,60.8464,30.0994
8280,77.4735,91.3567,60.3534,29.8094
8310,80.6712,95.6349,58.1859,28.9205
8340,78.5434,90.9991,58.0572,27.1074
8370,75.2016,95.3391,55.3482,30.9516
8400,78.2645,93.9703,59.4802,28.9958
8430,74.8817,92.3993,57.3911,27.7353
8460,76.0241,93.5297,60.2022,25.9861
8490,77.5721,90.356,58.8338,25.966
8520,75.9446,90.3852,55.7347,28.6417
8550,78.0809,94.3186,58.2014,27.5654
8580,77.8583,94.2607,60.9611,26.0623
8610,78.4437,92.327,60.3293,28.011
8640,77.1307,89.9859,57.722,28.7477
8670,80.5605,89.9596,60.3148,28.1859
8700,79.0319,90.4574,59.0841,26.5172
8730,81.1699,92.7407,58.1378,29.0421
8760,81.1255,94.5432,60.1537,25.8991
8790,81.7235,90.8169,59.2636,26.6751
8820,81.8129,91.332,58.2921,28.3703
8850,85.144,90.1525,58.1415,29.0015
8880,82.2279,91.5468,59.5275,28.858
8910,83.361,91.7222,58.8129,27.8718
8940,83.9186,94.1613,59.9653,25.9581
8970,83.7383,94.4263,60.5847,28.9226
9000,85.4507,92.8744,60.4037,26.6519
9030,85.1707,91.4974,58.8894,25.8556
9060,84.4568,93.2414,59.8001,27.6617
9090,84.9244,94.2186,58.4272,29.1848
9120,82.7968,94.2354,59.8249,28.2631
9150,82.9561,90.1737,57.8919,28.9275
9180,85.7039,94.1101,60.4685,27.5146
9210,85.092,93.2791,58.1982,28.5347
9240,83.1183,90.1276,60.7735,26.4459
9270,83.4592,91.4916,57.8504,26.1002
9300,81.9418,93.8443,59.33,28.9195
9330,84.6999,93.9815,59.8873,29.504
9360,84.8274,91.555,59.5455,25.9774
9390,83.5451,93.5704,60.488,27.3356
9420,84.3831,93.1549,60.4327,27.5452
9450,83.3507,90.1648,57.8363,28.5514
9480,82.3555,90.1376,60.5817,27.945
9510,83.4627,89.9091,59.617,27.5648
9540,85.2222,90.5712,58.246,27.9594
9570,81.7924,94.4651,59.2379,28.6912
9600,83.0079,90.361,60.2486,28.6293
9630,85.3696,92.8722,57.7197,27.8025
9660,83.0136,94.4897,60.9367,28.4544
9690,81.8768,90.3475,58.7743,26.4784
9720,82.515,91.0971,60.0002,28.0961
9750,82.9467,91.4329,57.4118,26.3346
9780,83.7732,91.2823,59.8691,27.7142
9810,82.782,90.777,58.166,27.922
9840,83.0559,89.8866,58.3138,26.5723
9870,84.3984,91.7654,59.951,29.4254
9900,83.2025,93.0664,59.6598,27.2634
9930,84.9409,89.9118,59.3096,29.4662
9960,82.9489,91.0376,59.3381,28.02
9990,84.1595,92.6865,59.9305,26.1157
10020,85.4005,91.6674,59.3989,26.3472
10050,84.138,93.7342,59.844,29.2232
10080,85.1124,94.4966,57.5481,27.5782
10110,83.2082,93.6498,58.7721,28.4974
10140,83.5844,89.9089,57.5128,26.6649
10170,81.9648,92.7797,57.888,27.1099
10200,85.2751,93.2988,60.716,27.5077
10230,65.924,74.0965,47.0465,26.5298
10260,68.7223,71.4506,46.2902,27.9532
10290,67.4078,73.4024,43.7673,28.4118
10320,67.7078,71.1111,42.5653,26.9249
10350,65.1086,71.1394,45.8323,28.657
10380,66.1253,68.7808,45.7306,28.0983
10410,66.5495,69.1324,45.6154,27.7671
10440,67.2707,72.6202,45.6829,26.3075
10470,65.6185,70.7447,43.2133,27.3697
10500,65.9652,71.5372,45.7316,27.2466
10530,66.2902,70.4954,42.2292,27.8258
10560,67.6214,69.387,45.152,26.6506
10590,59.7444,65.0539,40.9733,26.7637
10620,65.5547,105.35,66.614,37.0328
10650,62.2465,104.622,67.19,47.7971
10680,64.5319,105.449,67.1242,48.3839
10710,63.6638,102.189,64.9526,47.9006
10740,65.7119,102.635,64.3383,46.3077
10770,65.2183,102.282,67.1536,47.084
10800,64.0079,104.72,66.7493,45.133
10830,64.435,104.925,64.8873,46.0352
10860,65.0977,101.951,66.7129,47.3757
10890,66.1223,105.038,65.6417,46.6511
10920,65.2733,103.577,65.5021,45.0596
10950,65.4542,105.545,67.2424,47.1256
10980,63.3622,102.053,63.8793,44.7291
11010,64.269,101.349,66.0802,48.2402
11040,65.7045,103.658,63.8185,46.1741
11070,63.6962,103.297,66.4816,44.9269
11100,65.0246,104.128,66.5762,47.1077
11130,64.1786,102.872,64.2092,45.5368
11160,66.0197,104.589,64.8475,47.4109
11190,64.9809,102.707,64.9971,48.3015
11220,64.6211,103.516,63.4714,45.0161
11250,64.7075,104.384,63.7,46.4266
11280,63.2479,101.77,66.8781,47.0049
11310,64.8749,104.34,66.2005,45.9516
11340,63.6002,103.59,63.5005,47.7786
11370,66.0311,102.016,63.7599,47.9456
11400,66.1493,103.17,65.8279,47.0923
11430,65.5465,101.081,65.8656,46.2002
11460,64.486,104.108,65.4754,45.2972
11490,63.6205,103.9,65.9897,46.9347
11520,65.3751,103.708,64.3924,46.2765
11550,63.2524,105.723,66.5006,46.9201
11580,64.3005,104.962,65.1613,46.3522
11610,62.3661,103.574,64.7552,44.6688
11640,62.1722,105.71,66.0275,47.7229
11670,62.2117,102.454,64.3755,46.7765
11700,66.1141,104.769,66.3443,45.7987
11730,63.7673,103.021,67.0126,45.2499
11760,66.2519,101.827,65.7897,45.5853
11790,62.8398,102.965,66.7815,47.1868
11820,63.1524,102.518,63.9864,45.6836
11850,65.7243,103.343,64.6003,47.8876
11880,64.0849,105.768,66.0852,46.4048
11910,63.3968,105.553,63.6241,45.5915
11940,65.136,104.92,65.6517,45.0283
11970,62.9157,106.999,66.5751,45.5036
