Time,FC,PAS,PAM,PAD
-1,79,127,88,80
0,86.9,139.7,96.8,80
30,86.4963,138.793,99.0768,80
60,86.1986,141.064,97.0701,80
90,87.5848,142.081,97.0667,80
120,84.7345,141.813,96.5376,80
150,95.7537,136.864,107.264,80
180,97.4716,140.367,104.321,80
210,85.5451,138.816,106.034,80
240,86.0805,138.397,108.256,80
270,87.6934,142.102,94.4013,80
300,87.0744,140.114,95.5968,80
330,86.47,141.834,97.5611,80
360,87.3739,136.934,97.7377,80
390,85.5837,138.738,98.8998,80
420,88.8844,143.139,97.4591,80
450,84.9045,143.829,97.467,79.5874
480,85.4885,136.746,97.267,79.2812
510,86.0933,134.865,98.9882,78.7268
540,88.0548,140.46,98.7767,81.0805
570,87.4788,141.193,97.0576,81.5843
600,88.0126,139.054,97.0542,80.8461
630,87.8559,133.974,93.0747,78.4183
660,89.3089,136.725,98.9377,78.204
690,86.7643,142.138,97.2336,81.0505
720,87.8452,139.5,97.8373,81.5107
750,88.3646,139.496,96.4289,79.4258
780,86.3202,138.218,97.2051,79.0246
810,84.2884,118.291,77.9163,64.1882
840,85.4465,113.247,79.3492,64.9031
870,86.003,107.281,77.0584,63.6491
900,85.8513,111.545,80.4171,63.5139
930,82.5761,108.116,79.6343,61.2756
960,80.2694,115.357,79.4358,64.6893
990,79.0112,107.863,78.8333,63.2681
1020,79.9038,112.26,78.1574,64.0822
1050,77.7899,114.131,77.1898,64.0062
1080,76.0536,114.773,75.8984,61.5794
1110,81.0122,108.649,76.7501,66.4008
1140,75.646,139.16,76.8234,76.1019
1170,80.0148,136.601,77.4263,76.6315
1200,75.449,118.477,72.2328,64.3784
1230,66.815,98.7171,50.166,56.491
1260,67.8975,96.0425,48.0904,57.5411
1290,66.2372,99.7069,51.2046,54.7687
1320,68.0076,96.3629,51.9394,55.3079
1350,65.386,99.0171,50.9434,55.0956
1380,69.05,95.6552,51.2652,58.2098
1410,65.7496,103.033,47.1762,58.0037
1440,74.1541,92.5705,68.626,53.7332
1470,71.1149,95.9717,71.3111,55.9378
1500,73.602,98.916,68.3331,53.0685
1530,69.9581,96.0834,69.0306,57.9586
1560,68.9184,94.4251,68.802,57.6388
1590,72.6675,101.639,70.5453,53.1182
1620,73.1152,94.4346,67.553,58.6053
1650,71.5172,95.2691,70.4255,55.1621
1680,71.7505,95.8756,69.2938,58.903
1710,69.3823,96.6643,71.6665,57.6998
1740,71.9685,98.9433,67.8869,52.8744
1770,72.0846,98.8289,71.4039,56.0475
1800,73.6228,98.8655,71.1818,60.2604
1830,70.9206,93.2811,69.4602,57.7924
1860,73.3098,97.1561,68.8168,55.9283
1890,66.9378,80.4013,48.1254,50.25
1920,64.8498,70.7525,50.3041,39.1576
1950,64.9563,72.9292,50.0476,40.6641
1980,66.1178,67.894,51.5781,38.3171
2010,66.3099,63.6892,50.3345,40.68
2040,69.5792,64.8716,54.8894,41.5113
2070,85.3321,83.2996,64.6723,38.3143
2100,83.5884,85.4402,64.399,40.9143
2130,80.5324,81.1492,68.4211,39.1526
2160,68.2165,80.6767,57.0276,39.7343
2190,70.6149,84.1928,55.7921,42.164
2220,69.395,78.5441,58.1519,41.0089
2250,67.9991,81.978,59.4541,40.0577
2280,69.4013,79.614,57.5446,39.1229
2310,68.4274,81.2975,55.5586,42.3208
2340,68.7759,75.8224,56.7845,36.8529
2370,65.9415,80.211,56.626,43.1789
2400,70.4495,80.1379,56.9732,40.4773
2430,68.926,81.7125,57.9526,34.8774
2460,68.1002,84.8271,52.6998,38.5999
2490,67.3767,80.6058,60.0803,39.7379
2520,77.2791,85.2072,68.4303,42.9686
2550,78.7985,95.7047,70.4607,41.5499
2580,80.4984,89.4612,66.9487,44.2048
2610,76.9709,90.7943,67.6853,38.328
2640,78.4181,91.1995,69.8965,40.778
2670,78.1942,90.0994,68.5009,39.9002
2700,80.0578,92.3613,65.9176,37.1713
2730,78.0568,93.525,64.9883,42.8408
2760,81.8394,90.941,63.8968,41.9511
2790,81.168,85.8101,70.2781,37.613
2820,81.0903,93.8709,66.603,40.0395
2850,83.9296,96.4363,67.3486,41.4516
2880,85.2483,94.337,74.6942,42.6684
2910,83.2173,95.9668,71.3748,41.2735
2940,85.5592,92.1375,68.118,41.5155
2970,86.3879,98.8542,72.0249,36.3272
3000,85.4774,95.4001,71.354,42.4496
3030,84.6261,93.4564,76.3796,42.0777
3060,85.1589,95.131,69.3077,42.0227
3090,88.4839,96.9487,73.1787,38.0033
3120,84.8309,100.813,71.5689,45.298
3150,88.156,92.7763,72.3592,39.7821
3180,90.2463,92.3795,73.2182,38.5301
3210,90.1952,96.1117,76.1475,42.4827
3240,89.6412,95.9663,71.4909,42.2634
3270,92.6093,91.7601,74.9841,38.6513
3300,89.486,92.1096,75.8187,43.2293
3330,90.2769,95.3621,73.4319,39.9342
3360,90.267,97.331,75.9316,37.5462
3390,94.0801,96.0397,72.0449,39.6043
3420,93.0224,96.1391,71.5081,41.8084
3450,91.3788,95.0822,69.7596,37.8722
3480,89.3355,96.2549,74.4988,43.682
3510,90.4826,101.125,69.9884,44.3936
3540,87.8979,103.42,74.5892,37.6376
3570,91.3933,97.8999,78.1119,40.4545
3600,87.5517,97.9773,69.955,40.414
3630,85.945,93.0704,73.2524,43.9015
3660,87.325,94.6359,75.8218,41.734
3690,86.5552,97.4834,71.7251,36.3475
3720,82.9211,95.0989,73.0197,40.5736
3750,82.6209,102.471,71.0078,38.5602
3780,84.2283,97.3617,78.6342,39.465
3810,85.3066,91.2033,76.9268,44.8713
3840,83.3841,96.7132,72.0556,40.642
3870,84.4467,97.5824,73.7899,39.972
3900,87.1927,94.7727,71.0187,38.8234
3930,85.3366,100.286,74.0074,42.1653
3960,86.4535,96.342,72.0071,39.2034
3990,85.2996,98.989,73.8605,37.298
4020,83.7528,100.47,75.9746,40.5548
4050,84.1239,92.6966,75.1271,43.9933
4080,87.5891,93.2679,74.6453,45.8717
4110,83.0389,101.015,76.3527,43.0289
4140,85.1296,96.8136,74.2039,41.2648
4170,85.2481,98.5349,73.5322,39.2877
4200,85.9556,92.9738,75.0877,43.0462
4230,82.5796,95.7498,73.1615,42.1763
4260,84.3306,101.226,78.2976,41.5232
4290,84.9004,97.5599,78.9985,41.6458
4320,87.3338,98.018,71.2123,41.4912
4350,88.0952,95.853,78.8049,42.3455
4380,84.5984,101.345,75.2743,41.0868
4410,86.621,98.4211,77.2245,40.2224
4440,86.8075,94.5042,71.1187,39.0903
4470,87.1536,94.6859,71.9217,39.6195
4500,88.2802,94.2313,75.0197,44.953
4530,91.4641,91.4253,73.4703,38.7352
4560,90.8162,93.8744,72.7523,37.7727
4590,93.5263,99.9701,78.2373,40.5247
4620,91.4396,98.2977,75.1482,44.2037
4650,93.9007,102.439,77.3798,38.3509
4680,91.6437,98.9834,76.4795,41.9747
4710,90.8475,96.6046,71.865,41.0095
4740,93.0698,93.9262,75.3044,36.657
4770,93.5236,92.2015,76.5401,44.081
4800,90.8865,102.108,76.198,40.5829
4830,92.3104,94.0069,77.9771,40.5272
4860,90.0152,102.449,71.9273,41.3923
4890,92.6653,98.6795,74.9034,40.4366
4920,92.7523,98.0128,78.6122,45.1853
4950,91.3537,100.463,76.1146,42.8799
4980,90.9097,95.7504,74.268,40.8479
5010,93.3316,96.3976,78.8878,42.116
5040,91.102,96.0944,74.3099,43.8221
5070,91.3653,95.6489,79.7474,38.9799
5100,89.8697,94.426,76.8053,37.8467
5130,89.8989,94.8019,77.5988,39.0737
5160,92.6849,98.1597,77.6941,44.3252
5190,92.8265,90.9947,74.9117,44.4383
5220,93.4381,93.0878,73.6297,38.6496
5250,91.4818,97.3685,73.4455,42.8869
5280,89.3264,94.7273,74.286,40.7952
5310,93.0018,97.6266,78.1514,42.6119
5340,91.8594,98.2306,79.0418,45.0909
5370,89.8414,96.5211,76.1374,41.0265
5400,91.6199,94.7527,74.7189,39.4236
5430,90.4582,96.7052,74.7423,41.8056
5460,90.6345,94.5951,78.2637,40.6387
5490,90.7611,97.9454,77.4224,43.8892
5520,90.135,98.4697,77.1599,39.8242
5550,94.099,100.75,75.0791,40.4763
5580,91.7158,96.8613,75.4623,42.5869
5610,93.0029,97.9742,74.2705,43.4271
5640,91.5661,97.0566,76.0848,40.2817
5670,91.4055,97.0864,75.9418,41.1876
5700,91.7215,96.7072,73.4258,42.962
5730,92.96,98.8567,75.2472,40.4373
5760,92.2503,101.162,75.1251,44.0846
5790,95.5309,96.0771,72.7635,43.1489
5820,96.6804,98.3825,75.7618,41.6146
5850,94.9891,97.6796,77.3679,43.0961
5880,97.3566,95.0558,74.7689,45.1419
5910,97.0476,97.4239,76.7614,40.5553
5940,97.2481,99.5198,73.154,40.0244
5970,98.2085,95.7851,76.8957,42.1781
6000,78.5964,76.7964,57.5941,41.4703
6030,82.0042,76.2319,62.5149,44.5322
6060,80.5869,77.5833,60.5065,41.9518
6090,81.9238,79.6455,60.7636,42.7701
6120,83.5829,77.0602,58.2002,42.7514
6150,83.9499,76.1039,56.8813,41.0293
6180,85.0123,72.678,55.5114,41.8046
6210,83.5923,75.4913,56.456,41.5396
6240,83.7327,74.761,58.5794,40.827
6270,84.1385,76.1805,56.6528,42.5306
6300,84.9212,77.2562,57.0169,37.9781
6330,82.4023,73.8025,56.2951,39.5812
6360,84.4591,72.815,60.9945,41.603
6390,82.0427,77.8074,58.3804,39.2489
6420,83.574,77.0529,61.3061,39.5592
6450,84.0875,73.555,57.9959,41.8293
6480,76.2964,69.2237,52.8069,42.4589
6510,83.7393,84.6994,74.4285,55.7145
6540,80.9224,107.09,75.4485,62.4787
6570,81.8529,105.701,76.0459,65.7993
6600,81.719,108.531,75.8159,65.1763
6630,83.758,105.789,76.8422,63.7721
6660,83.422,107.697,75.84,65.6049
6690,82.2138,109.861,76.5629,66.0423
6720,83.4761,108.38,77.381,66.5651
6750,81.7456,109.728,75.1246,65.7612
6780,80.7466,108.33,74.2487,63.6373
6810,81.0344,108.807,77.2414,64.8242
6840,81.8725,106.209,77.9031,64.4899
6870,81.7817,108.403,76.1426,63.9547
6900,81.123,110.001,77.4566,65.5558
6930,83.402,107.46,75.5289,66.0544
6960,80.9652,106.017,76.5632,64.7708
6990,80.9078,109.618,74.4493,63.446
7020,82.2421,105.732,74.949,65.4801
7050,83.3204,110.272,74.2188,63.9411
7080,81.3532,110.183,76.3138,65.3026
7110,82.6286,105.428,77.1504,66.076
7140,80.7164,108.224,75.563,66.5359
7170,80.8703,108.844,76.5336,63.6732
7200,83.5157,106.26,76.3269,66.9185
7230,80.9887,108.433,74.2797,65.4227
7260,83.094,106.421,74.8249,65.4729
7290,81.4819,106.181,77.3092,64.9267
7320,81.2823,106.944,74.1428,66.2757
7350,82.0083,109.105,76.292,64.7882
7380,81.8671,109.836,75.2514,64.8042
7410,82.685,109.745,76.3608,65.2049
7440,81.0652,105.728,76.0609,63.947
7470,83.0922,107.867,77.2644,65.1867
7500,83.1689,110.14,74.5786,63.2614
7530,81.2565,109.878,76.0677,64.5551
7560,81.5605,107.698,74.7518,65.8466
7590,81.5486,108.781,74.5534,65.6547
7620,82.6471,107.17,74.3753,64.1157
7650,81.6164,108.381,77.2146,64.7342
7680,83.0606,106.493,76.5671,65.1448
7710,83.212,107.215,74.2463,65.4309
7740,81.8832,105.896,76.5783,65.3086
7770,80.9256,105.674,77.7645,64.489
7800,82.6139,105.506,74.2504,66.5911
7830,83.168,105.869,76.1849,64.7214
7860,82.3204,111.384,78.5439,66.4235
