Time,FC,PAS,PAM,PAD
-1,73,114,88,74
0,80.3,125.4,96.8,74
30,80.0641,122.691,99.1468,74
60,82.0134,124.902,94.8666,74
90,82.2563,124.401,94.9111,74
120,79.4685,123.301,98.5499,74
150,87.9632,125.461,106.541,74
180,88.8001,124.134,106.46,74
210,88.0864,123.777,108.807,74
240,88.4227,126.476,108.314,74
270,81.2581,127.46,95.4962,74
300,79.2967,124.335,96.1891,74
330,80.9821,125.29,98.1426,74
360,80.8889,126.278,96.6664,74
390,78.8974,128.208,98.9369,74
420,79.2841,124.787,94.6091,74
450,82.8356,126.191,98.5034,72.6066
480,80.0778,122.702,99.1995,73.7598
510,78.0201,129.551,96.4572,73.7762
540,82.2438,127.39,96.7491,72.0147
570,82.0045,127.55,96.8919,75.3681
600,77.9279,128.447,98.0968,74.2573
630,79.4216,123.175,98.783,73.9509
660,81.8853,129.237,95.2589,74.0637
690,82.9434,126.839,95.1533,73.4597
720,82.2721,123.848,92.8334,76.1103
750,80.6681,100.472,77.9249,61.7227
780,76.6682,104.293,74.0954,57.2112
810,78.2554,96.4598,76.1379,57.9358
840,75.1066,101.588,82.4076,58.1841
870,73.3648,99.2176,77.3793,58.4969
900,76.343,102.222,79.4836,59.7111
930,74.206,99.6344,79.5417,55.6264
960,76.4475,99.9843,78.7844,55.1374
990,72.4274,98.3355,78.8139,57.799
1020,71.507,96.4663,79.6923,75.2691
1050,75.3521,103.702,76.6337,77.3282
1080,72.0335,103.612,97.0782,72.1772
1110,70.7945,101.744,101.899,71.6329
1140,74.1566,122.094,92.647,69.7153
1170,73.8197,124.192,91.443,75.7798
1200,71.3596,109.886,81.0256,50.162
1230,63.9185,84.5874,41.5766,48.5534
1260,61.3624,84.3118,40.2739,51.2222
1290,58.2843,89.0816,38.2063,51.6451
1320,62.8732,85.8869,44.2143,49.0517
1350,58.8205,85.2422,43.9135,49.9701
1380,58.1207,90.7734,42.6368,52.3543
1410,63.0035,91.5044,41.3399,54.4898
1440,65.9842,88.1373,63.7201,49.7359
1470,67.1853,88.5506,62.9738,52.0895
1500,66.1707,83.795,63.9317,54.181
1530,64.5875,86.1423,60.2769,49.5914
1560,66.1458,87.2927,62.6906,50.1434
1590,63.3045,88.448,60.9771,52.1258
1620,64.3187,88.0732,65.3337,49.6188
1650,67.9679,88.8057,59.8492,52.28
1680,64.6888,87.1341,64.3823,48.8372
1710,65.9982,88.0681,62.3347,54.9837
1740,67.9252,88.6227,62.7851,51.2869
1770,64.0984,82.7951,61.2567,48.5542
1800,66.9547,88.1033,61.7905,48.5685
1830,62.779,75.3801,49.5967,35.6637
1860,59.3593,60.7574,48.1082,35.2557
1890,57.2079,62.457,46.7004,34.771
1920,60.1441,65.2028,41.3541,37.7856
1950,62.748,66.9025,50.0709,39.7585
1980,64.4344,64.0652,51.4814,36.0951
2010,77.2483,73.4169,60.9345,34.9887
2040,76.1668,80.3091,62.7077,34.4937
2070,76.2798,79.6635,62.5862,36.6303
2100,78.0974,76.9877,59.7391,37.0114
2130,76.0287,72.1121,61.2716,36.6166
2160,72.4467,75.2757,61.3558,40.4199
2190,73.5474,79.9206,60.3263,38.1063
2220,61.215,69.223,63.9155,42.6111
2250,63.9253,73.7984,56.5837,38.6279
2280,62.9576,68.3623,58.5927,37.4216
2310,62.4572,71.9269,57.1614,33.67
2340,60.2474,70.4352,57.9977,40.4177
2370,63.3635,70.8426,54.875,36.1582
2400,60.7284,67.3947,56.1501,33.4623
2430,60.8563,68.6616,55.9172,38.5785
2460,59.4165,70.1778,59.9368,34.0129
2490,64.2528,71.3552,55.2386,34.872
2520,63.7272,64.6308,58.3928,36.0818
2550,63.3161,67.0354,58.7421,37.982
2580,73.5548,78.1054,61.0326,36.5065
2610,72.0773,73.9725,63.5501,35.7749
2640,73.1106,73.6148,66.283,39.776
2670,72.6013,76.1936,62.2112,35.3313
2700,71.2187,81.3008,66.0473,36.9529
2730,71.9306,76.0786,69.6237,33.1333
2760,73.03,84.9419,67.6881,37.7663
2790,73.1951,79.135,65.8372,34.7248
2820,72.7193,76.395,63.3244,33.3123
2850,74.9606,82.3676,61.7699,36.947
2880,73.731,80.055,65.734,35.9606
2910,76.143,86.2004,70.9091,37.1188
2940,75.1767,87.5067,63.9943,32.6573
2970,75.515,83.3923,68.1929,39.4449
3000,78.248,83.4086,63.8409,37.9127
3030,78.3287,84.8726,67.5275,36.63
3060,75.7728,85.7013,66.8822,38.2405
3090,75.4356,83.7911,67.8926,36.0108
3120,77.923,86.0649,66.9264,40.0891
3150,77.8689,85.3695,68.3198,32.9902
3180,80.8064,79.9745,62.4168,36.0639
3210,78.048,90.8012,65.2392,37.5755
3240,76.5364,88.7606,66.024,33.5367
3270,81.8754,87.2352,69.4801,38.2668
3300,76.5258,86.4624,67.7904,38.2609
3330,81.2541,87.5457,66.0492,36.9934
3360,83.2363,89.9805,65.1313,34.9458
3390,82.712,85.3831,64.1316,36.6168
3420,83.9504,85.4734,64.9949,39.7657
3450,82.2581,85.2384,65.5711,33.2499
3480,84.3926,86.873,68.4472,36.6958
3510,81.7709,86.8245,67.0785,37.6464
3540,85.476,93.2297,65.2792,40.4357
3570,81.8809,87.4844,66.3123,37.8193
3600,85.0981,89.7789,70.7981,37.4934
3630,84.9106,86.7501,68.4203,34.976
3660,83.9962,88.0884,69.5438,36.0254
3690,79.2805,89.3001,66.6505,39.2484
3720,81.7378,83.0733,66.2946,39.2789
3750,77.9732,85.2659,67.5106,40.8348
3780,78.2229,92.9538,63.9386,37.5124
3810,76.393,88.397,69.6289,39.7264
3840,78.971,88.4722,69.4165,41.3663
3870,77.7078,87.6357,67.8359,33.7124
3900,82.2436,85.73,66.6745,36.8453
3930,79.1347,89.2566,67.9056,34.4208
3960,78.0667,81.228,67.5802,35.226
3990,79.8209,86.3285,68.4565,33.2062
4020,78.1651,89.1166,66.7045,40.0471
4050,78.2296,82.9751,67.9463,34.8355
4080,80.6549,89.0123,61.1573,40.6332
4110,80.6222,92.7994,62.9805,34.6899
4140,80.4076,81.4981,70.5333,37.5574
4170,77.3496,91.2884,67.9189,39.4183
4200,82.3505,83.5807,66.6772,34.259
4230,77.9287,86.0134,64.1054,36.6545
4260,79.2246,86.1914,67.2836,33.7762
4290,79.8513,84.0844,61.7214,38.7719
4320,78.9833,82.8553,64.2419,40.1268
4350,80.2505,86.4657,72.4645,32.5456
4380,78.2443,87.1093,65.183,37.9694
4410,78.5485,83.4262,66.9598,36.2426
4440,82.9665,89.2176,66.7469,36.4948
4470,82.727,88.2718,65.1318,42.8294
4500,80.9079,85.8278,64.4759,39.1178
4530,81.0168,93.6284,63.9589,37.3409
4560,83.863,85.2874,64.1464,37.0151
4590,81.2015,86.7374,64.221,42.5023
4620,86.4692,87.4998,66.1477,38.0697
4650,84.4519,84.9211,64.6921,35.5586
4680,85.6152,81.1462,68.9349,40.709
4710,84.7873,89.0742,65.1923,41.3302
4740,86.879,83.5111,64.6316,40.6938
4770,83.9552,89.5762,67.8695,40.4466
4800,83.3397,88.8058,66.4405,37.2827
4830,86.1711,88.8684,62.6261,37.6713
4860,86.1203,84.3333,63.1433,37.1907
4890,82.9271,91.9694,62.3979,38.7085
4920,85.4726,86.2416,65.1071,36.8459
4950,85.6252,84.4227,62.9396,36.1299
4980,87.5051,85.337,62.2472,37.1081
5010,86.8373,87.4368,61.7293,38.2858
5040,88.457,87.501,64.6991,37.0087
5070,86.0214,86.3023,64.3017,36.1171
5100,86.6357,90.6283,63.5779,39.4523
5130,86.0587,84.0083,64.564,37.6726
5160,84.3524,88.2714,65.8918,34.2107
5190,84.7423,85.2294,62.2752,36.5466
5220,86.9153,88.1623,62.9185,38.9463
5250,85.3679,87.3007,61.1514,39.105
5280,86.1928,87.025,65.282,37.6682
5310,82.5717,88.3793,63.2871,35.9515
5340,87.2186,84.4779,63.4738,37.0097
5370,85.0783,87.8183,66.9346,40.8662
5400,85.6058,91.9499,62.1517,42.9169
5430,85.6787,88.1903,68.0124,40.5175
5460,84.0494,85.2367,67.2599,36.1583
5490,84.4515,86.2143,59.1699,32.8205
5520,87.2549,87.8429,61.6303,40.5746
5550,85.1057,88.7102,67.6257,36.8233
5580,88.0604,88.6466,66.7511,42.5395
5610,84.9532,87.5616,65.7039,41.3112
5640,88.0661,88.8833,60.1776,42.2075
5670,86.6048,84.1236,62.321,38.1501
5700,89.01,83.5338,61.571,35.6839
5730,86.0508,87.4665,63.0135,36.6413
5760,67.8155,68.7324,46.1538,36.776
5790,69.9352,68.5193,49.735,39.3709
5820,65.9759,68.8293,46.9463,41.4906
5850,68.3484,70.5551,50.409,38.5351
5880,66.8514,68.3459,50.1618,38.095
5910,64.6177,63.1682,46.2093,40.8621
5940,64.8935,67.3099,48.2588,35.6862
5970,65.9912,70.2537,48.9535,35.8435
6000,69.1577,71.9471,47.7076,38.4746
6030,68.1362,71.8414,47.977,35.0609
6060,68.4051,65.5473,45.6863,37.4888
6090,70.3376,66.2946,46.4632,36.5836
6120,69.3234,68.5576,47.5855,35.7308
6150,72.9868,67.2573,49.1016,37.1592
6180,65.1173,60.1256,43.6199,36.0851
6210,67.7182,80.4185,54.7207,61.1651
6240,72.2776,97.993,71.0188,60.0625
6270,73.2945,99.5759,71.1476,58.931
6300,74.583,95.0959,67.4526,61.6151
6330,73.8657,96.6448,69.2524,59.0322
6360,73.0176,95.1004,70.0677,61.28
6390,74.6634,97.7299,69.4958,60.6932
6420,73.0492,96.7353,67.8153,58.776
6450,73.6013,96.7299,68.2493,61.2414
6480,76.7194,95.2909,69.6281,58.4278
6510,76.8381,96.9914,69.9279,59.1796
6540,74.5457,98.0022,69.1128,60.2233
6570,76.6567,99.113,67.5555,61.565
6600,76.2991,98.2759,71.1873,58.6923
6630,73.7854,96.8869,67.6871,58.548
6660,75.8116,95.884,69.8928,61.2874
6690,74.98,98.8611,70.8673,59.4753
6720,76.2486,96.6753,70.4786,60.9493
6750,75.8483,96.575,68.4392,58.0882
6780,76.5992,98.1957,70.8918,61.129
6810,74.86,99.2055,71.0346,58.9012
6840,75.0024,98.6225,70.1655,60.6232
6870,73.3761,98.5347,67.4703,61.0481
6900,76.4684,97.9825,70.6717,59.2086
6930,74.4765,97.8524,71.2687,58.4401
6960,76.5583,98.0872,67.691,60.2267
6990,76.6693,96.5919,70.8952,61.1424
7020,76.7728,98.1321,70.607,59.4044
7050,74.8838,97.9679,70.8859,57.5487
7080,74.2677,97.3023,70.7507,59.4076
7110,73.6462,98.9502,68.7699,57.7915
7140,74.5499,95.4866,69.5651,60.8767
7170,75.578,97.0568,67.6176,59.9395
7200,73.0747,95.6652,68.4769,61.6392
7230,74.6858,95.4083,71.1232,59.2194
7260,75.7441,98.0679,71.2078,58.3368
7290,73.8102,98.478,68.4374,59.8689
7320,73.5995,95.2007,67.5768,58.9848
7350,76.2476,96.8362,69.3385,58.517
7380,74.7399,99.7201,67.6954,58.0074
7410,74.4215,95.6702,70.523,59.2508
7440,73.9256,99.8288,69.2094,60.4357
7470,73.1515,96.4915,67.9599,60.7377
7500,76.601,98.1011,73.5497,58.089
