Time,FC,PAS,PAM,PAD
-1,86,131,102,75
0,94.6,144.1,112.2,75
30,94.7158,146.485,109.611,75
60,92.7199,144.801,110.189,75
90,93.6105,145.334,114.212,75
120,92.8811,146.334,112.947,75
150,105.727,143.512,122.616,75
180,104.895,143.774,121.488,75
210,95.226,142.435,125.31,75
240,93.0868,144.597,121.123,75
270,94.1319,141.324,110.307,75
300,95.5979,142.682,114.075,75
330,96.8394,145.497,113.987,75
360,94.6233,143.759,111.105,75
390,96.3504,145.16,114.397,75
420,92.7219,140.749,109.707,75
450,95.2558,141.575,110.846,73.5891
480,95.6226,142.316,110.358,73.592
510,93.0662,148.617,113.055,74.2634
540,93.6009,142.859,114.342,76.2984
570,97.0247,141.993,114.204,74.9591
600,94.8222,143.152,109.004,74.4313
630,94.5537,144.061,110.84,74.0222
660,93.7733,142.977,114.11,76.1752
690,94.0434,146.719,110.267,77.2221
720,93.4223,144.182,111.66,74.7368
750,93.5479,116.22,91.5974,59.4195
780,90.2674,111.996,90.9267,58.1097
810,88.2944,110.438,87.3835,61.8819
840,91.217,114.369,86.3708,57.8241
870,90.3232,121.727,89.3974,62.2183
900,89.2972,115.803,89.0378,57.2732
930,87.7629,115.413,87.3999,58.7644
960,87.4126,117.282,84.4897,57.1697
990,89.9821,118.231,90.4709,54.0444
1020,84.7325,114.233,106.648,58.9257
1050,82.704,116.428,110.677,63.3574
1080,86.7353,115.383,112.691,74.955
1110,85.6338,116.949,113.563,76.2022
1140,77.1168,122.967,78.9182,67.6155
1170,70.9607,110.194,52.1969,50.669
1200,71.278,108.214,53.3547,49.3026
1230,72.7988,113.535,47.8631,51.6198
1260,72.5966,114.651,50.8543,50.904
1290,69.1592,104.463,54.1204,53.8783
1320,72.8996,108.821,53.2619,50.3019
1350,69.5555,109.63,53.0353,51.9383
1380,73.1551,110.108,72.3175,50.5519
1410,73.8696,109.965,73.8906,50.1565
1440,76.3917,113.81,69.8383,51.4264
1470,74.7091,104.965,70.9138,48.1103
1500,74.9759,107.602,75.9064,53.201
1530,77.6351,110.154,74.6036,52.4867
1560,75.1576,111.204,75.8835,54.8499
1590,77.0926,111.417,72.3911,55.2881
1620,76.0483,111.476,70.9955,48.8891
1650,78.1919,115.117,75.9066,49.3647
1680,73.6849,108.693,73.6762,54.4671
1710,75.6104,113.191,76.4464,53.9738
1740,76.2958,111.761,68.9672,49.1254
1770,70.8731,91.6608,53.281,44.3609
1800,69.8243,73.6696,54.7397,33.7954
1830,67.773,77.7196,52.9368,35.1585
1860,66.9603,78.1269,52.6983,35.8426
1890,70.2053,75.7391,53.173,40.5475
1920,69.1842,73.3459,54.4524,38.6789
1950,69.6238,75.8744,52.4537,36.6093
1980,72.7124,76.0432,53.0465,36.3673
2010,68.6906,72.7907,51.3573,33.8332
2040,72.1436,79.7391,51.5052,32.7648
2070,67.9395,76.8322,48.7946,36.9495
2100,67.6545,78.8662,53.4948,41.7662
2130,70.1968,76.0701,55.2354,34.4257
2160,66.8676,79.9562,53.7547,38.5918
2190,66.4216,79.7668,54.4006,36.6319
2220,76.4496,83.0743,56.6931,36.9032
2250,93.4691,96.7017,72.8128,38.1387
2280,91.1203,96.8434,72.9664,39.8764
2310,78.828,79.4329,62.3367,36.8343
2340,77.1524,81.4583,60.3317,40.0675
2370,74.8857,79.3894,59.9632,35.9834
2400,71.6953,74.7996,67.5115,36.6229
2430,76.3712,83.9379,61.5561,37.1028
2460,74.6153,82.1313,65.0011,39.1056
2490,74.3629,74.9413,65.1746,36.7423
2520,76.9609,78.5523,62.1843,34.5012
2550,74.9536,81.0365,62.0118,35.8599
2580,73.4893,78.0522,60.9259,31.8651
2610,70.9613,85.2844,64.0495,38.1622
2640,71.6054,82.8757,62.8047,34.083
2670,74.4509,82.0111,64.1056,43.5297
2700,73.8603,82.9869,60.5167,42.6836
2730,72.3931,83.4766,59.2021,37.8861
2760,73.1504,85.9864,64.0511,38.1402
2790,70.4445,80.2853,57.9972,41.569
2820,84.7467,100.165,72.2379,41.4734
2850,83.9625,99.7169,69.7405,35.1169
2880,83.2013,95.2773,71.4704,41.1035
2910,82.985,96.8879,70.9775,39.2247
2940,81.0526,99.2748,73.1685,42.0154
2970,82.145,100.51,72.9435,37.0267
3000,82.4935,98.8258,66.2912,36.1925
3030,84.1135,100.636,69.6742,36.2556
3060,83.6034,97.7312,66.7717,37.2434
3090,86.8583,99.9115,71.5824,35.5764
3120,83.9903,97.8052,75.7484,41.6761
3150,87.9272,107.655,75.6017,43.3996
3180,84.5201,107.41,79.7067,38.8642
3210,88.2431,102.042,75.4565,32.4238
3240,85.5649,102.719,80.1328,37.0146
3270,87.3775,106.704,82.3161,33.8862
3300,89.7705,104.073,79.8592,36.4192
3330,91.226,104.879,82.1464,42.6737
3360,86.9298,101.791,78.4502,34.2386
3390,90.2573,109.732,79.34,39.4925
3420,90.3769,104.103,79.3713,39.2069
3450,92.4368,105.095,79.4016,35.6579
3480,92.8176,107.227,80.0321,35.6853
3510,94.4919,106.384,81.3489,36.2498
3540,96.1867,101.723,78.8042,36.9474
3570,95.6169,106.633,78.4135,39.3168
3600,95.8435,106.489,82.0922,38.1049
3630,97.3962,109.773,80.9704,34.753
3660,100.243,104.546,78.4705,35.5448
3690,96.0167,105.501,81.3682,36.0992
3720,98.6252,106.043,78.4395,38.5201
3750,94.1545,102.518,81.3374,38.254
3780,94.4976,106.793,73.2834,37.2103
3810,91.1121,102.669,75.3495,33.5745
3840,95.2788,107.863,77.917,37.6483
3870,92.2966,103.535,76.4466,37.1918
3900,90.7823,103.909,80.6755,38.1727
3930,89.1328,102.982,79.6883,38.6488
3960,92.0563,108.055,78.458,36.1009
3990,88.8517,107.018,78.099,34.1105
4020,90.4032,105.473,78.7972,39.5063
4050,87.7667,106.797,80.6517,37.3221
4080,86.7162,110.2,76.7326,32.2412
4110,87.2121,104.187,74.7287,35.6715
4140,88.9358,105.801,76.1324,39.5535
4170,90.3203,109.528,73.9635,37.5126
4200,87.6223,107.611,79.4479,34.187
4230,85.1482,106.947,79.5185,37.322
4260,89.7128,104.873,77.3367,30.0291
4290,89.5977,103.757,79.7896,35.5503
4320,88.205,104.551,78.8594,39.3777
4350,90.2632,103.919,80.2618,39.4578
4380,87.3255,109.371,73.7487,33.8239
4410,87.5257,108.564,75.8476,36.5765
4440,87.5417,107.997,76.2476,34.279
4470,90.5882,107.216,76.9559,32.7069
4500,88.0602,106.722,78.2308,38.0035
4530,87.7876,101.626,79.7109,35.8787
4560,88.5023,108.307,79.3085,35.0601
4590,88.4391,106.752,79.0437,38.2711
4620,89.3548,110.679,77.0433,38.3148
4650,85.626,105.224,73.8867,35.9222
4680,89.1443,102.551,79.177,37.2801
4710,86.422,107.84,82.3754,34.5277
4740,86.9878,112.65,79.9165,32.4557
4770,89.9932,104.079,77.8983,39.9196
4800,89.679,103.631,77.8989,36.7211
4830,89.5129,107.882,73.7686,38.0824
4860,94.793,108.323,76.6713,35.685
4890,92.3639,106.698,75.2162,32.9941
4920,92.5834,104.745,76.8576,36.7648
4950,91.6061,109.286,82.1959,32.0078
4980,95.817,103.004,81.4331,32.5317
5010,94.3056,109.203,79.7798,32.4335
5040,96.0424,104.035,77.4712,36.9423
5070,98.1195,105.604,78.4607,31.4072
5100,94.5579,112.32,79.2845,33.6424
5130,93.148,111.694,81.4982,31.9563
5160,95.0899,106.044,77.7351,33.0087
5190,92.6496,111.278,76.8207,32.2087
5220,98.1828,107.162,78.9566,31.6739
5250,93.0751,104.146,82.1216,31.84
5280,98.4945,105.88,78.6285,36.191
5310,94.4308,110.943,79.7044,32.9252
5340,94.5434,108.131,83.5468,36.2302
5370,92.5423,111.787,79.0504,37.329
5400,94.3266,111.296,75.1668,32.3953
5430,94.1348,102.362,83.1162,34.6616
5460,95.68,110.249,76.077,33.9894
5490,93.2767,106.313,78.0364,32.3702
5520,96.4111,106.238,75.3984,34.8599
5550,93.1899,107.112,79.5838,38.4044
5580,93.0648,104.52,80.2931,33.0738
5610,96.466,107.405,81.5435,35.2114
5640,96.5346,107.929,73.996,39.4008
5670,96.5778,103.674,77.7206,30.8049
5700,94.989,107.37,83.4659,33.2096
5730,94.586,105.071,81.2156,34.8193
5760,95.2921,107.911,81.3629,32.5759
5790,95.7983,106.625,79.1682,33.8377
5820,93.9926,108.192,82.645,35.2397
5850,94.6547,103.542,81.7692,36.1073
5880,95.5716,111.729,81.9477,32.2704
5910,95.91,107.955,82.7281,35.8226
5940,94.0894,110.538,83.6688,30.3985
5970,94.3263,108.082,80.5712,34.4411
6000,95.3428,106.934,83.6811,34.1489
6030,95.4868,107.152,78.0717,32.6724
6060,94.8984,108.715,78.4623,34.062
6090,96.5798,105.914,83.6566,34.7646
6120,93.1466,104.448,80.508,33.1826
6150,96.0435,110.347,82.1781,34.7858
6180,96.7196,109.8,81.2896,32.8158
6210,94.9579,107.132,83.8622,34.9097
6240,94.8638,105.937,80.1602,33.9333
6270,96.189,107.863,80.6228,34.4329
6300,95.2551,109.325,79.6512,30.5813
6330,98.4965,107.95,79.1585,36.2223
6360,97.9196,107.41,82.2054,31.3734
6390,98.5913,109.158,82.8683,32.1095
6420,98.6318,108.271,77.8453,33.1956
6450,98.9566,106.722,80.7733,32.2984
6480,101.519,109.276,79.5354,31.4826
6510,103.416,108.772,82.4752,31.503
6540,81.8228,85.7112,63.6498,35.1465
6570,85.1062,86.7267,61.9089,33.8484
6600,84.7512,86.4278,64.0511,34.1455
6630,85.6234,85.7857,66.1646,33.6171
6660,83.8905,88.6872,63.1414,33.2482
6690,83.8693,85.0685,63.8138,31.3861
6720,85.1699,80.8611,62.6823,32.8717
6750,87.2682,81.7901,62.2732,31.7425
6780,86.1152,83.0519,64.4309,35.2907
6810,88.6032,83.0419,61.7453,34.0736
6840,85.8179,82.4487,63.8255,34.6698
6870,84.4843,85.1275,64.1877,32.131
6900,86.4086,81.557,63.6502,33.7078
6930,85.6781,82.4301,63.9836,33.041
6960,86.5656,80.6866,64.7206,31.749
6990,85.8299,81.0631,62.5414,34.2164
7020,79.1188,72.131,57.405,33.9766
7050,86.3664,92.806,90.1626,46.8801
7080,84.4685,111.231,92.0251,54.8482
7110,87.6855,109.145,90.666,55.8657
7140,86.7677,106.967,88.959,54.0997
7170,85.5894,110.031,90.8114,58.2791
7200,86.7818,108.363,89.3682,54.2775
7230,85.6155,108.845,92.0293,54.6133
7260,86.0283,108.835,92.1157,55.022
7290,84.6573,107.429,89.7675,56.0106
7320,84.1844,106.871,91.5831,54.4598
7350,85.9879,107.395,91.1031,55.4087
7380,84.4945,109.525,90.3677,57.0372
7410,84.9937,110.807,91.5529,54.3586
7440,84.6458,110.511,89.5826,57.2273
7470,84.8131,111.304,92.4667,57.8487
7500,85.5206,110.074,89.3519,57.1379
7530,87.3309,108.442,89.6019,54.0799
7560,85.3534,110.814,89.4959,53.8934
7590,83.7775,110.141,90.1821,55.0958
7620,85.0933,110.085,92.7298,57.0405
7650,86.2007,109.73,92.0694,57.8542
7680,85.6126,106.709,91.3416,57.4034
7710,83.6009,109.185,91.4952,56.006
7740,84.726,110.426,89.5978,54.6601
7770,84.373,108.535,89.6762,56.6541
7800,84.8067,108.503,91.3029,55.4303
7830,84.1703,111.158,91.2837,56.1583
7860,86.5179,109.421,89.6472,55.369
7890,84.6281,106.784,89.6692,57.2052
7920,83.7095,110.614,90.916,54.0655
7950,85.2137,107.581,90.8746,56.8827
7980,83.5335,112.648,95.032,54.7703
