Time,FC,PAS,PAM,PAD
-1,65,93,98,69
0,71.5,102.3,107.8,69
30,71.1899,104.116,107.257,69
60,70.9285,103.288,109.768,69
90,70.6539,103.41,109.7,69
120,71.8759,102.288,109.318,69
150,79.6462,101.119,120.56,69
180,80.1951,104.097,117.528,69
210,70.7684,103.262,117.029,69
240,70.4839,100.96,116.558,69
270,70.0486,102.274,110.339,69
300,70.3883,104.025,105.655,69
330,71.6975,104.62,106.121,69
360,71.3291,104.699,106.947,69
390,70.5669,100.673,110.078,69
420,69.8345,100.767,106.686,69
450,72.8116,98.9767,108.715,70.0399
480,73.9571,101.666,105.98,68.2871
510,70.5372,102.98,107.559,70.0668
540,73.3025,106.533,108.351,70.4069
570,69.8265,103.558,109.946,67.1273
600,73.2773,103.437,109.9,69.7513
630,68.3696,100.334,105.111,68.3354
660,69.8063,97.0673,103.357,70.3145
690,72.0522,99.6502,109.575,71.174
720,70.8284,97.8961,107.684,69.388
750,69.584,98.1745,106.561,69.6235
780,71.5381,102.538,104.174,68.9127
810,70.0563,83.1668,86.9496,56.504
840,70.5455,84.2369,89.143,58.7799
870,67.6216,82.8812,88.7197,58.3371
900,66.7584,83.2811,87.1142,53.426
930,71.3803,82.698,86.3316,55.7409
960,69.9332,77.462,92.2906,55.3479
990,68.3086,82.9627,88.2487,55.3719
1020,66.0544,85.0491,86.0672,53.6477
1050,67.0769,84.0444,90.4236,55.4056
1080,63.9381,101.741,105.737,59.0593
1110,63.1419,102.774,106.882,57.0783
1140,66.2024,105.332,106.158,67.421
1170,61.3229,98.4048,110.474,66.9696
1200,62.7953,105.554,108.773,71.6744
1230,63.7348,101.329,103.852,69.7492
1260,65.3123,106.576,105.951,72.8939
1290,67.6059,99.1673,110.818,65.693
1320,64.4947,107.183,107.75,72.6463
1350,65.1363,99.7876,110.178,72.0142
1380,66.0077,99.2881,104.156,66.9906
1410,63.9892,102.652,107.743,66.9994
1440,63.6671,102.514,104.854,70.908
1470,66.183,104.253,109.472,68.7898
1500,61.9116,88.3385,94.5259,46.3545
1530,54.3805,66.6465,46.0883,44.6906
1560,53.7747,74.8478,48.2862,49.4555
1590,54.718,74.3681,45.4315,46.7109
1620,53.9309,67.9377,48.5041,45.5799
1650,53.0271,70.5763,48.3562,43.4249
1680,54.9868,70.0965,45.5136,51.543
1710,53.8618,75.3418,51.5221,52.4995
1740,59.3136,67.4247,71.7802,47.0432
1770,59.1627,68.9983,72.0724,48.9359
1800,58.8277,75.0433,73.9589,50.4401
1830,57.4147,70.2337,72.3816,46.9833
1860,56.7737,70.2297,68.6795,46.3366
1890,57.2291,60.8536,73.5443,46.8437
1920,60.4254,71.8621,66.6096,46.9392
1950,58.5846,66.7827,70.8318,47.663
1980,56.8493,71.2965,71.8323,47.5926
2010,60.2764,75.9783,67.2893,49.8595
2040,59.5656,67.6305,66.8077,46.7151
2070,59.158,72.5134,68.1849,52.6712
2100,60.1574,69.49,71.5197,49.3925
2130,57.5293,57.6659,64.5847,30.214
2160,51.7773,47.8818,48.5824,33.6168
2190,54.2732,45.4136,53.3383,36.9576
2220,54.0927,47.0275,47.925,35.8473
2250,59.0686,55.9875,51.9284,34.6901
2280,59.2721,45.8475,54.2685,34.5266
2310,57.5978,48.7015,53.0518,29.2008
2340,54.6899,58.1617,56.354,32.9609
2370,55.0411,48.6167,54.8362,32.1536
2400,56.0304,56.2822,55.1117,32.1081
2430,54.7107,53.8873,52.3699,29.9096
2460,55.583,47.2255,57.4666,32.2728
2490,65.7235,58.9192,68.0282,35.2652
2520,65.9874,55.7491,68.3873,34.1037
2550,56.4987,50.7128,54.888,37.2936
2580,54.7871,54.275,61.2137,38.5888
2610,57.6268,49.752,55.7862,36.9153
2640,55.7474,54.3495,56.7514,33.7163
2670,57.5522,45.3754,56.9846,34.6246
2700,56.271,46.452,56.8707,35.2995
2730,55.4675,46.5426,56.8492,35.6418
2760,55.8261,47.2383,57.77,33.1653
2790,57.5591,53.9125,55.5684,30.2677
2820,54.4175,45.6051,58.1343,36.0039
2850,57.5744,54.1323,60.1175,35.0412
2880,55.9557,51.3735,57.4554,35.6105
2910,55.7817,45.7723,63.1858,35.4152
2940,58.3048,51.4537,61.3318,33.6181
2970,55.9719,45.8575,54.7307,31.5147
3000,57.4263,47.3401,57.5659,32.1036
3030,59.064,43.8484,55.9569,36.6224
3060,56.1757,50.4529,55.6397,32.1174
3090,56.4349,49.545,57.9261,33.163
3120,55.7305,48.1087,54.7794,36.5988
3150,56.2941,47.4001,58.9664,34.7573
3180,56.434,47.7978,56.6188,35.088
3210,55.4555,51.664,57.0323,33.083
3240,55.5483,52.1411,58.4998,32.5663
3270,60.1617,47.8417,54.6932,34.3482
3300,58.2067,49.0012,51.258,37.0697
3330,60.363,44.2393,56.5213,34.208
3360,59.025,46.1022,63.8944,36.1801
3390,56.3729,49.645,56.3946,28.9201
3420,60.709,46.5593,59.7792,36.1884
3450,60.9086,53.2764,60.5742,35.5206
3480,71.817,61.3515,67.3696,31.4601
3510,71.5249,60.1925,68.3213,34.0664
3540,74.3505,60.6253,64.4047,34.1253
3570,72.5229,62.8314,64.3817,36.2241
3600,73.191,60.4414,67.1528,31.8535
3630,75.3301,61.5448,72.2681,35.0488
3660,75.9637,55.7095,68.1745,34.7802
3690,72.7873,61.88,69.7829,39.1784
3720,72.6238,57.495,69.3945,36.9797
3750,73.8781,52.4715,67.0648,35.258
3780,74.7781,71.0262,69.1911,34.7353
3810,79.6918,67.7432,68.2495,35.697
3840,77.9936,69.2801,67.7369,31.0103
3870,80.9888,67.1343,71.9152,30.9016
3900,79.4812,71.7313,71.3469,37.2637
3930,79.971,66.8453,72.5163,35.7753
3960,77.399,71.2481,75.4368,35.093
3990,79.1414,67.6847,75.9124,31.4093
4020,80.4778,63.6368,75.6969,35.0445
4050,81.7692,62.6634,80.954,31.6692
4080,80.8714,64.4376,78.21,33.1952
4110,82.7308,70.9973,76.0626,33.8718
4140,81.4197,63.7551,72.2167,34.0312
4170,82.5911,60.6947,76.4312,36.7819
4200,81.5469,62.7696,72.8977,36.1442
4230,82.4779,71.4185,79.0936,32.7799
4260,79.6517,66.5152,77.0844,37.4169
4290,81.7544,58.9545,78.3891,31.5353
4320,82.3441,72.5751,78.9838,35.1961
4350,79.5333,69.849,78.5261,33.7333
4380,79.2811,71.444,80.4922,33.8319
4410,79.128,62.6193,79.2792,35.2734
4440,78.7161,66.8571,76.4262,31.8138
4470,78.2576,70.681,76.1071,37.2716
4500,77.7674,66.5424,73.5173,29.8485
4530,77.3406,65.4379,73.4341,33.0485
4560,76.3608,68.4249,78.9846,30.5814
4590,74.5438,64.3991,78.3353,33.8752
4620,75.8833,66.8049,76.1527,33.1832
4650,73.5388,67.4123,75.9726,29.6971
4680,72.6765,63.5701,77.2017,32.1293
4710,77.3386,61.5365,76.0124,32.3862
4740,76.5509,69.5064,80.8384,35.0541
4770,76.2282,66.4368,72.6745,41.7849
4800,75.7511,65.3869,77.6281,31.7238
4830,76.8444,68.537,75.6909,32.3571
4860,77.5563,63.3597,79.8103,30.9097
4890,77.9019,68.4525,73.7964,35.4473
4920,77.2006,67.1081,77.0041,32.1019
4950,78.7457,69.4913,81.4429,31.4321
4980,78.7294,63.1354,73.3861,32.5427
5010,79.3846,65.9369,76.8067,33.309
5040,80.5212,65.1817,78.3409,36.5149
5070,79.5611,68.1658,74.5851,35.8492
5100,76.3252,68.448,77.2248,35.5449
5130,77.1645,65.9201,75.2811,31.0422
5160,76.7974,65.0931,73.7721,32.4228
5190,77.6609,70.7949,80.2324,29.1849
5220,77.7079,66.0203,78.5676,30.8873
5250,79.7635,65.0544,78.7346,32.8859
5280,78.2507,70.7201,78.1347,32.7475
5310,78.3811,68.7581,75.3915,32.4731
5340,80.5253,60.3482,75.0782,34.3953
5370,78.5676,69.9872,75.1832,32.5197
5400,80.7015,60.0043,74.617,31.299
5430,77.2901,71.9732,76.2937,34.5004
5460,79.9109,67.586,80.5352,34.8193
5490,79.9585,65.4485,74.6348,34.6293
5520,77.52,69.0472,79.3304,38.0771
5550,77.9468,69.0378,73.135,34.3089
5580,79.3582,62.2879,79.7422,32.6178
5610,80.637,69.7427,78.2234,33.4368
5640,80.9674,69.8024,79.065,35.7367
5670,77.4701,78.2577,74.8439,30.0906
5700,78.6961,67.2685,77.4678,33.2755
5730,78.7307,68.3163,75.279,31.8459
5760,77.0056,72.3427,78.5225,34.5731
5790,77.6349,66.1191,78.2012,33.885
5820,81.0138,63.7686,74.3787,35.7835
5850,77.9101,65.8293,75.8825,31.222
5880,79.4345,65.8472,70.4091,34.788
5910,78.8685,68.757,77.2777,32.6208
5940,80.2973,70.9851,77.9443,36.1311
5970,80.8687,65.6263,76.4674,35.3404
6000,77.8829,67.6271,82.298,37.7527
6030,79.3731,64.7712,74.5952,31.7887
6060,77.7442,71.6013,74.661,33.2409
6090,77.7504,70.4072,77.8447,33.1044
6120,77.7088,67.1719,79.008,37.0488
6150,81.0583,75.2516,76.0508,33.6251
6180,78.9504,69.7714,76.5457,32.7415
6210,78.2175,75.4457,77.9636,35.1337
6240,77.7188,66.4382,74.3894,33.5845
6270,77.3548,66.5332,74.6707,35.7644
6300,78.415,66.3745,78.9754,36.0731
6330,78.1988,70.3371,79.4994,33.2615
6360,77.1055,72.9622,77.3103,34.5295
6390,80.4753,76.8166,80.1376,35.6956
6420,78.969,69.2268,80.5175,31.2849
6450,80.2743,67.7685,79.3716,32.5745
6480,79.163,72.2614,79.1549,34.0005
6510,78.7334,73.5973,78.4253,36.995
6540,79.6602,74.7332,81.1585,37.4493
6570,79.8686,74.7462,77.0684,32.6319
6600,77.3194,75.3923,76.6763,36.8138
6630,80.5593,73.5724,76.4916,36.4234
6660,80.5501,77.68,76.5484,36.7167
6690,79.3371,69.7782,77.0613,36.9535
6720,78.6051,73.9156,80.0412,35.3235
6750,77.7373,75.2119,79.4648,35.1512
6780,77.6748,69.0325,78.3164,33.6681
6810,80.6562,64.3558,72.4016,35.3003
6840,81.0597,74.1524,80.7803,36.9706
6870,80.6647,69.4762,76.4285,34.9766
6900,80.3839,69.5358,79.0364,29.2426
6930,82.6626,72.5299,77.0869,39.2128
6960,81.3374,73.7814,80.3355,33.4774
6990,83.7443,73.6361,74.6447,36.0726
7020,85.4862,64.1231,74.0029,32.294
7050,84.9538,64.9118,79.1058,34.0415
7080,85.1558,72.1811,77.5586,33.8599
7110,85.5773,64.8269,77.1908,34.2951
7140,86.7104,71.0084,79.9486,32.6834
7170,87.7207,72.4582,77.81,33.9583
7200,88.0616,71.1262,78.4715,35.2925
7230,86.6887,66.3539,72.5092,34.6983
7260,90.1611,71.3107,82.1834,34.6473
7290,88.494,70.0199,79.2541,33.7005
7320,86.5391,69.7562,77.9728,32.1219
7350,89.4028,76.549,77.9612,37.1638
7380,88.4091,65.7944,77.0527,33.3913
7410,86.006,73.0776,77.4481,34.4531
7440,88.3265,72.6812,77.0603,30.3661
7470,87.6123,74.1299,76.5933,37.211
7500,89.9961,71.5123,75.4646,33.8316
7530,89.7137,70.1324,76.3088,34.801
7560,88.5326,70.4499,74.9771,32.6203
7590,88.9385,68.1403,78.1292,36.6216
7620,89.4243,68.2858,73.3246,38.0696
7650,84.9557,72.2688,73.9741,34.1552
7680,85.5732,72.561,78.2068,31.5572
7710,87.0306,72.4681,73.85,34.0703
7740,88.5858,72.8267,75.648,33.6149
7770,87.6025,70.4075,74.6577,36.1488
7800,70.0146,51.8601,60.1065,32.0262
7830,69.3663,56.7865,64.1581,31.6536
7860,72.1726,62.1286,61.3724,33.0038
7890,69.8394,54.8327,59.988,37.4224
7920,69.9645,58.8245,60.0646,36.0247
7950,69.2522,56.1437,63.4074,36.7464
7980,69.7399,55.2811,54.9366,36.105
8010,67.381,55.1526,55.6,34.1764
8040,68.167,57.2386,55.1402,34.5366
8070,69.6115,53.2251,55.8453,34.2307
8100,71.2445,56.1974,56.9467,35.1823
8130,71.3766,52.3939,61.907,32.4531
8160,68.8098,56.783,60.7448,31.2217
8190,70.1272,53.1906,59.1979,32.2444
8220,68.0164,55.8575,59.2339,37.0434
8250,67.4538,57.4563,56.9053,34.3442
8280,71.0987,57.2551,60.2,35.8838
8310,70.9564,55.2786,57.9319,37.103
8340,64.2775,52.7565,48.4022,37.2326
8370,67.1654,62.7364,67.692,57.1249
8400,69.8188,83.4515,87.3572,53.435
8430,69.042,79.8758,84.5049,54.4171
8460,67.9587,78.0034,83.3978,56.5919
8490,70.1112,78.1131,86.5029,56.2756
8520,67.7191,81.2599,85.5194,55.5936
8550,69.972,82.7332,84.9939,55.4878
8580,70.3124,83.1732,83.5547,56.3989
8610,69.2808,77.8887,85.0388,55.552
8640,67.7394,83.7093,86.3482,56.7324
8670,68.6586,77.9007,86.4623,54.8955
8700,68.0475,81.5865,83.106,57.3783
8730,69.6356,83.3533,85.1761,56.2113
8760,68.9034,78.5463,83.4093,53.9277
8790,70.3949,81.5448,85.4176,56.587
8820,68.9538,82.3985,84.5378,57.4886
8850,69.918,83.3049,84.5901,56.6507
8880,70.0574,78.9104,84.9174,53.6963
8910,68.2474,79.5725,84.6304,54.6727
8940,70.337,80.5446,83.6445,55.5205
8970,68.5596,82.171,83.3394,56.3685
9000,70.1247,79.0631,86.2591,56.3146
9030,70.0722,80.018,84.4572,54.1463
9060,67.8476,82.4325,83.2468,56.8078
9090,69.4437,80.6954,84.9894,54.836
9120,69.5905,83.8003,84.5735,56.9127
9150,68.3072,82.746,83.1996,53.5921
9180,68.2677,79.2062,85.1281,55.4458
9210,70.4419,81.6413,83.4183,56.3827
9240,70.1186,83.4562,84.262,55.8371
9270,68.356,82.0189,85.9602,54.5403
9300,68.8257,82.7506,82.9728,57.539
9330,68.3424,80.8834,83.9541,57.0507
9360,68.9373,81.7315,85.4719,56.0513
9390,68.8382,81.9473,85.6353,55.8501
9420,70.3344,78.6481,87.2143,56.6871
9450,69.9191,78.4519,84.6181,55.6149
9480,70.5934,84.5775,85.7408,54.1856
