Time,FC,PAS,PAM,PAD
-1,80,94,81,88
0,88,103.4,89.1,88
30,88.6722,101.72,90.0657,88
60,88.0137,104.18,89.6027,88
90,88.2815,105.674,88.2513,88
120,87.6995,101.372,88.0318,88
150,95.56,104.746,97.6327,88
180,95.912,105.564,96.4792,88
210,94.7688,102.645,99.2935,88
240,95.7567,103.731,97.4073,88
270,89.0477,101.365,90.5988,88
300,89.1277,103.143,88.7239,88
330,87.5211,104.558,90.5334,88
360,89.4554,101.244,89.6581,88
390,89.506,101.154,88.7743,88
420,90.1258,103.949,90.0988,88
450,90.1753,102.811,85.469,86.5228
480,87.9777,103.899,90.5968,87.9886
510,88.1003,99.7093,88.0168,86.3719
540,85.4063,105.007,87.709,87.2652
570,87.8017,100.728,90.4673,87.2868
600,85.8948,102.398,87.4668,87.5436
630,87.7185,104.247,88.6419,87.1242
660,86.1457,103.766,87.5776,85.9409
690,89.2588,104.77,89.0155,86.1107
720,89.5634,101.1,91.5126,87.8147
750,88.9795,107.23,88.9456,86.6386
780,90.8827,100.373,88.2358,85.1433
810,85.692,76.8759,71.7217,72.4401
840,84.8349,84.03,75.9459,73.377
870,84.4683,84.994,68.8208,73.8338
900,84.1915,85.8652,75.1878,69.4338
930,81.3379,84.125,74.0154,70.4991
960,84.3438,88.8238,72.6899,69.9671
990,79.6854,80.8366,77.7657,74.4481
1020,82.9119,83.3712,68.0597,72.1381
1050,78.1606,78.8858,74.1673,70.6731
1080,77.7804,84.625,91.0303,68.0703
1110,76.311,80.9208,89.1577,73.1486
1140,75.3546,103.165,90.0282,87.7788
1170,76.8464,103.319,87.9662,87.6995
1200,81.3513,105.7,89.9339,88.1206
1230,84.2512,104.691,90.0814,88.0116
1260,76.8846,83.825,63.0744,71.7592
1290,69.8774,70.7897,42.3227,61.234
1320,68.3246,74.01,40.032,61.7107
1350,65.0865,73.4759,44.1746,58.2363
1380,65.3835,78.7442,38.9154,64.8019
1410,70.018,70.9463,43.0123,61.0961
1440,68.4845,74.5462,43.8788,65.7907
1470,66.9427,76.5856,42.4733,62.6431
1500,71.4116,71.7087,63.1237,60.7026
1530,70.6153,72.7183,58.3556,62.316
1560,73.9803,70.5793,60.8076,62.9292
1590,71.5542,73.4579,60.2076,66.3561
1620,71.4813,74.1831,57.3573,62.1141
1650,70.8077,69.5523,56.4605,65.2476
1680,74.352,70.468,56.9221,60.8858
1710,75.1015,72.8885,60.6389,61.8853
1740,74.0433,70.1464,62.2934,60.3837
1770,74.9193,74.2142,60.9926,60.8284
1800,75.6881,69.9204,58.3765,63.0675
1830,68.3673,61.3459,39.592,54.6192
1860,68.8504,49.0516,39.3033,41.085
1890,64.6624,49.388,46.6664,44.4884
1920,65.9758,48.7591,42.3213,41.2242
1950,63.9693,50.3933,42.4409,43.6473
1980,64.3395,50.6842,39.8688,42.6422
2010,69.7567,53.5065,48.7694,41.4301
2040,71.4846,53.3383,42.6076,46.0229
2070,67.748,54.5939,43.8321,40.917
2100,66.5948,54.0708,46.8726,42.2538
2130,70.0418,50.4108,43.6477,43.1011
2160,69.2604,57.7023,44.2294,40.6475
2190,83.6132,71.2983,56.8304,39.96
2220,82.6288,61.7805,52.3674,43.8917
2250,80.8998,62.1929,54.8915,44.3691
2280,79.6993,62.1354,53.5784,42.3609
2310,81.7519,66.0173,58.9038,43.3879
2340,81.0026,62.654,55.8376,37.807
2370,77.8235,65.8692,52.2783,40.9075
2400,81.5651,62.6155,55.1688,42.3446
2430,81.9097,68.5875,57.4005,45.3363
2460,82.9354,65.729,56.2028,39.3558
2490,80.2117,60.6557,52.8543,41.2283
2520,71.088,53.8163,50.7035,46.3007
2550,69.7256,52.4354,53.0265,40.6458
2580,67.6206,48.8297,52.61,43.8827
2610,68.0604,47.595,48.6305,45.3086
2640,67.687,48.1333,48.0343,42.3801
2670,67.1835,53.1272,49.2685,40.1209
2700,67.6022,52.1905,51.4533,42.3774
2730,70.7346,51.7757,48.9924,46.1957
2760,66.8352,52.6039,48.6695,40.467
2790,68.3829,47.8747,45.9518,40.9035
2820,70.9079,49.6691,52.0584,42.5127
2850,68.2499,50.6862,53.8426,40.7756
2880,77.1826,60.9132,59.0496,39.7444
2910,79.6052,61.7119,56.6783,44.1914
2940,81.4716,63.3203,59.5031,42.1362
2970,82.6712,60.4577,61.5283,43.3342
3000,81.5675,60.3116,60.1871,45.0723
3030,79.6578,66.1081,61.5369,43.1811
3060,78.6418,66.9187,62.2815,37.5811
3090,80.5808,62.1497,59.5025,43.5984
3120,79.4235,65.169,58.5263,43.7486
3150,77.5995,60.0388,51.7977,44.6567
3180,81.278,62.5381,62.4256,43.836
3210,87.7188,70.432,66.5613,41.8486
3240,85.4835,69.457,60.4087,41.8798
3270,90.0242,68.6912,63.2251,38.2772
3300,90.6922,64.7275,67.8077,44.8826
3330,86.1989,69.7958,60.9163,42.8197
3360,85.7154,69.9033,58.5794,44.4767
3390,85.563,68.4678,65.6573,42.2036
3420,86.7797,64.9021,62.706,38.2026
3450,88.7228,71.4459,63.0658,48.9653
3480,86.1436,64.3128,64.0267,46.5632
3510,89.3861,66.9953,59.6672,44.8666
3540,87.806,68.0219,59.2156,46.0829
3570,92.039,67.8196,58.328,38.7953
3600,88.8778,62.0854,60.7844,39.7524
3630,88.3057,64.3914,59.4103,38.5405
3660,90.1316,64.43,58.7846,43.5087
3690,89.9869,68.0847,58.3143,42.6656
3720,95.0122,70.9807,61.0316,48.9578
3750,93.8698,66.351,60.6333,48.8088
3780,91.5162,63.5053,54.9283,45.1879
3810,92.6859,70.4149,61.5031,46.0523
3840,91.0853,67.8293,58.9033,42.5112
3870,92.239,59.5521,58.4645,43.1923
3900,90.5845,69.0395,58.1818,45.3411
3930,92.0822,68.6115,61.5147,38.2846
3960,90.1175,69.04,61.3221,44.217
3990,88.3691,65.9523,58.7497,47.989
4020,90.184,62.0828,61.9755,46.674
4050,87.9745,63.5394,60.8328,46.6872
4080,89.7108,72.2202,60.7788,44.7803
4110,87.2053,66.2285,57.2142,44.5196
4140,90.6806,61.7458,62.9477,47.3666
4170,90.3572,67.0808,59.9511,45.4022
4200,88.5943,65.8573,59.5724,44.8572
4230,86.8341,64.7168,61.6862,42.9049
4260,85.0969,67.3886,62.1986,44.6727
4290,91.451,66.5705,62.037,41.6707
4320,87.674,66.128,64.0779,45.4408
4350,87.0874,64.1623,61.1193,44.5932
4380,87.8162,63.7964,60.155,42.977
4410,91.0164,67.7335,56.5029,40.4966
4440,86.4544,69.2234,57.8408,45.1269
4470,92.0064,65.4401,57.7133,47.2849
4500,92.3012,67.1434,58.535,49.1336
4530,89.2492,67.0649,60.2075,42.3468
4560,86.7906,70.5705,62.7975,42.0806
4590,85.7132,69.6144,58.8999,44.2437
4620,88.3288,69.0023,63.8071,44.2074
4650,92.1627,62.2182,59.2728,46.779
4680,85.8484,65.4225,60.4548,43.3858
4710,87.0242,67.3748,60.2642,44.613
4740,87.838,69.2311,61.6133,45.27
4770,87.4375,69.3318,61.2453,42.9468
4800,88.8877,69.085,61.5275,46.4377
4830,87.8875,66.662,60.3936,41.0447
4860,91.3776,70.0879,59.4233,43.3367
4890,87.7481,68.5575,59.7785,47.5683
4920,93.867,65.9029,55.442,43.43
4950,93.2957,67.4671,60.3679,41.6706
4980,93.1924,68.4471,63.0953,41.6377
5010,92.015,71.4712,57.1482,44.0364
5040,93.4004,67.7285,59.4672,42.4314
5070,95.1227,68.2117,59.5946,42.5126
5100,94.5245,72.9624,57.6848,43.425
5130,94.0294,69.2256,55.6768,43.9899
5160,99.5432,70.1917,62.1619,47.4607
5190,94.005,72.6005,60.9861,42.4147
5220,93.7574,72.1735,61.7304,43.116
5250,96.5799,70.6691,59.8033,41.1992
5280,96.2718,71.8239,59.0497,41.7194
5310,96.463,69.7117,59.4446,41.0815
5340,96.0853,67.1886,54.7755,39.0611
5370,92.7529,69.2008,60.1885,42.1992
5400,95.4844,67.1918,57.5908,42.8866
5430,97.3874,69.9621,59.0407,43.6307
5460,98.6594,66.7812,61.5186,40.9316
5490,97.1063,68.2562,56.92,45.3648
5520,98.7478,69.4474,61.5083,39.0483
5550,99.3808,67.7126,59.2972,40.7083
5580,96.8597,68.1108,59.5313,44.9497
5610,96.9586,68.5427,58.6959,38.7839
5640,96.3942,68.1321,61.2937,47.0973
5670,98.0391,68.4841,60.9175,42.7617
5700,97.2518,72.1317,58.4882,42.7497
5730,97.6787,67.9237,58.0468,45.1397
5760,99.5147,71.1965,56.953,42.2103
5790,98.9341,66.9913,55.9879,44.2525
5820,97.9278,70.5982,55.5946,40.8397
5850,96.3016,69.3111,57.122,45.1767
5880,96.3835,68.7565,56.4681,42.9196
5910,95.6616,70.759,56.5057,41.1919
5940,97.8669,67.0951,59.5068,42.3143
5970,99.6149,69.462,61.8768,42.814
6000,98.4389,70.5944,58.4092,38.7825
6030,97.8494,72.9088,57.5196,41.5321
6060,98.801,66.5671,59.2335,41.4062
6090,98.5497,67.7684,59.0457,41.6101
6120,97.3276,70.3197,58.0421,43.5774
6150,96.4709,73.845,59.8633,41.9173
6180,98.8812,69.8372,59.1567,40.0223
6210,97.0384,72.3713,58.7193,41.5221
6240,96.4789,74.3155,58.6484,41.4789
6270,97.5315,71.6709,59.4105,41.6508
6300,96.0849,67.7001,61.6251,41.0331
6330,97.8356,67.9859,59.8699,41.7768
6360,96.6859,70.2712,56.8644,43.34
6390,95.8498,69.7303,57.89,45.0375
6420,99.5463,70.7337,58.4059,41.6595
6450,96.3877,69.2295,57.6944,39.944
6480,77.8146,57.8736,44.6425,42.9783
6510,78.8999,57.43,44.6128,45.3585
6540,79.7013,57.1392,41.5323,40.3347
6570,76.8409,54.5307,44.2372,42.5215
6600,77.0215,54.0795,42.4057,43.6593
6630,79.4952,53.3113,44.3231,41.837
6660,81.7,57.0061,42.0777,43.3227
6690,80.8098,56.006,43.4721,42.2383
6720,81.6871,56.2705,44.5011,41.911
6750,80.2271,54.7127,44.0111,42.5405
6780,83.9109,55.9897,44.8415,40.9613
6810,83.2618,55.7147,44.5731,39.2457
6840,84.0056,53.196,41.4997,43.6236
6870,86.6071,53.2575,43.1031,42.1524
6900,77.3859,51.0245,38.164,41.9663
6930,86.4056,61.9782,65.4719,53.6322
6960,86.0968,81.7066,64.5595,68.1635
6990,89.6553,79.7561,65.7883,70.3971
7020,88.6975,78.6889,66.6364,70.3509
7050,89.1128,80.3646,66.0289,66.8438
7080,85.9456,77.8891,66.0037,67.5707
7110,85.8052,77.9332,64.0877,67.0574
7140,87.4259,78.3836,65.6805,69.0651
7170,88.4744,80.8128,64.9394,70.8193
7200,88.5742,78.9075,67.0645,67.3889
7230,89.1274,81.2497,66.5202,69.2161
7260,89.6196,80.3453,65.0586,70.1455
7290,86.1379,77.8047,66.605,67.5779
7320,85.9875,79.6725,64.8941,67.2801
7350,87.6235,80.0596,64.1403,70.6152
7380,88.3401,81.0896,65.1639,68.1814
7410,87.1583,81.4365,64.5322,67.0734
7440,85.8248,78.43,64.2563,70.5157
7470,89.3981,82.2631,65.2118,70.4378
7500,87.7624,81.6418,66.0031,69.4385
7530,89.1986,79.6718,66.6301,70.7553
7560,89.1112,78.341,63.6351,68.0996
7590,88.3037,78.5782,64.2665,68.0065
7620,89.388,80.6103,65.8601,67.9067
7650,87.2819,81.7915,64.7375,68.6257
7680,85.72,80.0743,64.6631,70.6856
7710,87.5306,81.1561,66.5051,70.8647
7740,87.9246,79.5492,65.7428,68.4975
7770,89.0056,79.3831,64.7666,69.515
7800,87.7248,79.3471,67.1861,67.3764
7830,87.897,78.253,65.1119,68.6631
7860,88.6996,82.5033,66.2151,67.3282
7890,89.2054,82.4794,65.6427,70.4883
7920,87.7157,81.6851,66.5521,70.8168
7950,87.9617,80.2232,67.0239,67.2308
7980,89.4774,79.8665,65.433,69.8901
8010,89.0301,81.5547,64.9081,68.1203
8040,86.3022,79.0408,65.2177,69.7445
8070,87.3566,81.7145,63.9811,67.4048
8100,89.1395,81.5506,64.5079,69.7487
8130,88.9789,81.4946,65.6813,68.0585
8160,88.2514,79.2117,64.4158,67.5654
8190,89.1887,78.2371,64.5667,70.0776
8220,88.0495,81.3093,65.431,68.4529
8250,87.9812,81.7261,66.2182,69.8308
8280,86.3242,81.0793,67.3778,69.073
