Time,FC,PAS,PAM,PAD
-1,86,137,94,83
0,94.6,150.7,103.4,83
30,95.3935,147.325,105.451,83
60,92.3813,148.63,101.05,83
90,93.7909,153.41,104.535,83
120,94.2533,148.762,104.438,83
150,105.929,150.333,115.341,83
180,103.675,150.118,113.897,83
210,106.239,147.995,115.247,83
240,106.003,152.395,115.663,83
270,95.9062,152.581,101.127,83
300,96.8418,147.722,103.593,83
330,96.7918,148.875,102.193,83
360,94.5982,154.212,105.618,83
390,94.2145,152.355,101.192,83
420,92.9133,151.319,105.622,83
450,96.5006,153.46,103.412,82.0244
480,92.5567,145.864,102.033,83.1758
510,94.5788,155.586,103.89,84.2802
540,96.31,148.322,103.308,83.1428
570,92.0656,149.089,104.271,83.8162
600,95.1384,153.366,101.502,82.63
630,95.8891,152.567,106.956,81.7976
660,93.8738,146.542,103.953,84.1229
690,94.4684,152.315,101.211,84.7832
720,92.8328,151.7,103.533,84.0159
750,97.4036,147.439,102.187,83.5303
780,96.4182,151.647,107.002,83.7317
810,94.0098,149.165,105.126,81.7818
840,93.8495,146.313,103.749,83.4483
870,95.5822,149.165,103.663,83.8803
900,92.5275,151.094,103.518,81.6421
930,90.3512,124.866,85.7116,69.3764
960,92.2143,120.806,84.8215,66.688
990,90.2722,127.715,82.8917,66.3288
1020,90.7497,123.473,82.2842,67.4062
1050,90.0078,122.383,82.1235,65.8531
1080,87.7689,122.332,87.6808,66.5356
1110,86.8883,127.112,79.1172,66.4671
1140,87.6693,117.665,82.6111,66.4625
1170,88.0941,116.333,82.1739,65.7132
1200,86.5837,125.298,88.7787,67.0568
1230,83.6042,120.701,78.4314,66.7644
1260,84.0027,119.545,102.067,64.6016
1290,85.2999,124.215,106.017,64.4615
1320,84.5129,145.944,104.242,82.6202
1350,88.732,154.921,101.409,84.9826
1380,82.8382,142.202,100.795,80.6189
1410,88.3307,151.21,101.525,83.8367
1440,81.8384,155.292,105.535,84.5527
1470,86.3326,155.15,107.736,82.799
1500,83.718,154.442,105.431,85.0389
1530,82.7239,153.584,103.174,82.4428
1560,86.2471,148.188,104.363,85.0743
1590,87.937,157.589,103.918,82.8686
1620,82.0367,153.824,101.007,86.6739
1650,85.4192,143.714,98.2726,83.8187
1680,83.6914,147.428,99.2642,84.1056
1710,84.0755,148.354,106.346,83.8366
1740,84.8545,152.304,95.6624,82.0439
1770,83.0234,151.52,102.879,83.7878
1800,81.2574,125.728,72.3983,69.7981
1830,71.0667,106.804,51.8871,57.0493
1860,72.0591,103.998,46.7547,54.1423
1890,72.5908,105.603,50.4688,58.5939
1920,70.6733,107.404,49.0051,54.8281
1950,71.4223,110.194,46.3185,56.5597
1980,73.9897,102.201,51.3778,61.1189
2010,69.1996,98.5203,52.3164,59.9822
2040,77.79,100.775,65.135,62.0675
2070,78.9596,99.991,67.6005,58.655
2100,74.6183,101.257,68.9031,60.1416
2130,76.5118,104.058,71.2735,58.3004
2160,74.0237,96.7267,69.9296,54.6852
2190,77.2362,97.1042,69.1076,56.0228
2220,74.7166,100.19,69.3055,57.0098
2250,78.1809,104.027,68.1079,59.1576
2280,79.1938,95.8697,69.9707,56.3642
2310,77.9163,100.314,71.2511,55.7808
2340,76.3438,104.085,69.9073,55.6335
2370,74.7813,80.7208,51.0742,47.6779
2400,67.064,65.9758,47.9842,44.9278
2430,69.033,71.9387,47.0326,41.886
2460,67.3631,65.4839,48.2141,40.2906
2490,68.298,69.903,46.3407,41.2858
2520,67.8957,64.6091,51.1009,39.2806
2550,74.8754,70.224,53.9913,42.585
2580,73.0685,66.1445,56.5518,44.0796
2610,71.5629,79.7136,51.1771,42.144
2640,73.6105,65.2719,54.0171,41.9437
2670,70.381,73.3561,53.5591,43.5764
2700,70.5783,68.6886,51.9128,44.5994
2730,70.9084,65.9622,58.0458,38.8179
2760,69.6644,64.3758,52.3817,44.3732
2790,70.5351,71.4103,51.5797,38.8683
2820,70.1436,62.8083,50.8653,39.8116
2850,65.7246,73.691,52.3728,42.092
2880,68.5599,66.7962,56.0805,42.1447
2910,82.2154,87.8005,69.936,42.8955
2940,82.0147,87.4432,63.9954,38.648
2970,74.17,78.5698,57.3562,35.3996
3000,72.5986,79.5551,59.8317,39.3026
3030,73.0139,77.8069,57.1568,40.227
3060,74.2744,75.5368,57.6948,42.1346
3090,72.7165,78.9973,55.2043,40.8455
3120,72.69,80.6673,54.6079,42.6992
3150,69.7518,85.0755,61.6821,38.1756
3180,71.6938,80.301,58.5473,44.1532
3210,73.234,81.8051,55.6844,43.6721
3240,71.9279,81.7331,57.9734,40.7124
3270,69.9822,81.8641,55.8354,43.0401
3300,71.1143,88.3843,61.6774,42.548
3330,73.7072,84.5054,57.9525,40.6323
3360,71.053,76.6003,59.8177,37.5592
3390,72.2934,82.9,60.0546,46.7544
3420,72.0768,85.7964,61.7388,39.3118
3450,69.3193,77.6703,57.2934,39.2119
3480,71.5529,78.2153,57.842,38.1879
3510,69.8991,91.4561,57.3649,36.8217
3540,71.64,84.5814,56.3335,43.6227
3570,71.2165,74.8079,60.5951,41.4919
3600,70.9953,83.6169,57.7144,43.512
3630,69.3986,85.9945,54.9482,46.0622
3660,69.3584,79.017,53.2832,42.6343
3690,72.5001,77.7874,52.5184,41.0475
3720,72.829,77.1909,57.3725,43.8967
3750,74.362,80.0726,59.6769,45.4116
3780,76.8526,79.7699,58.6928,44.3514
3810,74.856,76.7467,55.3602,43.7223
3840,72.2512,79.0158,58.8438,40.7956
3870,75.682,69.0795,62.4699,42.6816
3900,80.9583,75.7955,59.5848,39.2892
3930,76.2513,73.4042,63.2338,43.7239
3960,82.1164,69.7377,56.0726,39.1866
3990,79.2848,74.7387,61.6968,44.2373
4020,81.2202,74.0198,57.525,41.3618
4050,80.7159,78.1174,57.8312,41.5523
4080,95.6667,80.1223,65.0723,42.284
4110,93.5752,86.5081,66.9088,41.8108
4140,96.4804,80.6595,64.9007,41.6226
4170,95.1383,80.3485,65.0774,39.6833
4200,95.6918,85.4447,63.3663,44.957
4230,97.1652,88.4575,64.6507,43.0705
4260,94.3335,80.0882,65.9151,43.0682
4290,96.7466,85.4904,66.4874,40.062
4320,97.5686,84.2667,63.6652,42.7004
4350,96.2339,81.9054,67.765,40.4052
4380,95.3645,82.084,64.0946,42.8343
4410,104.625,81.4442,70.0142,39.9939
4440,100.759,84.6562,65.1118,43.6647
4470,98.3327,82.8669,65.9408,42.3279
4500,100.64,87.9946,69.989,43.8526
4530,102.154,87.9337,70.4589,44.3495
4560,98.4247,85.4355,66.101,41.663
4590,104.152,83.8624,67.6928,44.5801
4620,101.758,90.7879,70.7043,41.5897
4650,104.102,88.7408,70.108,42.781
4680,103.676,84.128,70.0394,41.8083
4710,104.053,88.4616,66.7676,44.0879
4740,102.44,93.1534,72.4372,41.3206
4770,100.689,90.6935,70.2383,42.532
4800,102.306,86.8393,71.9551,40.4845
4830,102.328,93.7734,72.7233,45.3418
4860,104.743,97.1086,71.9968,45.917
4890,103.512,89.4753,70.1771,43.9032
4920,105.309,95.7197,71.4482,42.4747
4950,104.183,83.6768,70.12,40.7324
4980,102.882,92.2136,71.5357,42.6499
5010,100.42,87.7831,70.7122,41.8847
5040,101.325,88.4853,68.9161,44.1134
5070,102.41,81.6512,68.0849,41.7217
5100,98.0492,83.2077,69.1516,42.0819
5130,97.2232,82.3756,71.7069,39.3581
5160,95.7636,87.005,66.6424,40.078
5190,98.1559,93.7822,71.6002,41.27
5220,96.1905,81.5034,70.2795,43.2021
5250,94.3299,81.7603,72.2887,43.1404
5280,95.1129,94.2922,72.2414,39.5274
5310,93.9517,82.8125,66.3111,38.7418
5340,96.3595,85.1195,73.8746,43.6606
5370,95.4602,87.7268,65.6084,42.7586
5400,97.7604,83.9532,71.5849,46.0764
5430,99.16,83.4897,69.1392,41.4266
5460,99.7282,85.4272,69.9352,42.3459
5490,98.4154,80.3193,71.5598,45.1773
5520,102.87,84.8037,70.6912,45.8325
5550,97.1566,87.8321,68.2191,43.7429
5580,103.818,87.8113,66.1621,44.5078
5610,104.454,87.343,71.936,45.0099
5640,102.724,82.3027,70.4323,42.7221
5670,101.497,83.1756,69.3407,43.9304
5700,101.832,88.0432,68.5854,42.409
5730,100.958,90.3815,67.565,45.0213
5760,99.3253,82.1236,71.3637,45.2352
5790,100.184,85.7961,69.925,45.1947
5820,99.0951,94.3217,71.444,43.9962
5850,100.803,87.6377,71.905,44.9033
5880,98.432,88.0425,71.9627,43.0828
5910,102.989,92.1011,71.7734,42.9244
5940,98.389,82.6305,71.3729,41.9356
5970,101.364,90.7508,75.7249,41.8347
6000,99.0222,85.8841,70.7121,38.9906
6030,103.03,83.5996,71.9595,40.7327
6060,101.937,83.395,73.4376,39.766
6090,100.087,87.0012,70.7894,43.0784
6120,103.953,82.7483,71.5038,43.4757
6150,99.0172,88.6932,72.0378,42.5228
6180,98.3153,89.4285,73.601,44.2016
6210,99.8894,85.4444,72.1224,43.973
6240,104.106,81.5809,73.1154,42.2899
6270,99.7236,87.0091,72.8822,45.4225
6300,99.6172,84.7335,69.1433,37.6908
6330,99.705,85.3153,69.4543,44.8679
6360,100.38,85.7121,70.7783,39.8537
6390,102.429,87.7009,70.5077,40.5918
6420,101.451,89.6874,72.9891,42.491
6450,102.118,87.1374,73.5933,42.5243
6480,103.523,93.3003,70.5703,39.7004
6510,103.657,84.8046,72.2286,39.0362
6540,98.9819,92.5917,74.8377,42.3591
6570,98.222,91.8177,73.3684,40.0288
6600,101.062,84.633,75.7082,37.0878
6630,103.256,82.6482,76.368,43.3531
6660,103.378,86.1321,71.7342,44.4049
6690,100.648,83.5635,69.6051,42.5858
6720,100.181,86.2043,70.3899,43.0566
6750,101.327,86.9822,71.0122,40.0059
6780,103.142,86.4969,71.4938,38.6385
6810,100.123,84.3285,70.2913,40.8514
6840,100.862,89.0704,66.2846,38.9505
6870,101.673,81.7455,70.3002,40.4457
6900,97.7839,84.1575,72.23,42.5444
6930,98.6286,81.0028,71.6134,42.443
6960,99.7027,85.4918,73.115,43.7
6990,100.6,85.8625,72.1534,43.6153
7020,100.107,91.1855,70.819,42.094
7050,98.917,83.6017,70.1734,46.3637
7080,97.8793,93.0336,70.6954,45.8794
7110,102.638,88.1666,73.1275,44.5491
7140,96.9089,79.6647,70.7589,38.3269
7170,100.087,86.2001,69.5927,44.8624
7200,98.3926,87.6466,75.8944,44.6837
7230,100.755,83.1668,70.9556,41.4846
7260,101.403,89.2892,71.5836,42.2772
7290,100.534,83.8705,71.3893,44.1149
7320,102.669,83.0824,74.5144,43.6796
7350,97.8451,86.3633,67.9992,39.9785
7380,101.928,80.2098,74.4347,44.4448
7410,98.5757,79.7497,74.528,44.3536
7440,98.6724,82.9608,76.3205,43.6391
7470,102.327,88.6139,72.4015,39.7207
7500,97.6568,82.0808,70.8902,42.8134
7530,99.1277,85.3601,71.5809,44.4706
7560,99.8173,83.7619,71.2371,44.9682
7590,98.0331,83.8224,73.4954,41.3465
7620,102.246,85.5144,70.3671,38.7696
7650,99.6348,88.1306,75.5542,37.5828
7680,100.465,87.2675,71.3925,42.0184
7710,101.902,79.2595,73.8972,43.3669
7740,99.2109,90.702,69.2265,43.0819
7770,102.129,77.7095,72.0508,39.9526
7800,103.005,74.1994,72.8547,40.1702
7830,102.312,77.1776,67.5218,41.0622
7860,107.284,81.735,68.8281,42.8683
7890,108.436,76.4361,70.1513,39.7372
7920,107.801,84.4585,67.6511,38.8356
7950,106.583,78.1281,73.1336,40.493
7980,108.247,81.2247,71.1297,39.9622
8010,110.851,75.3578,67.8642,44.0139
8040,110.801,75.0406,70.8902,42.813
8070,111.987,78.6779,69.3019,41.2419
8100,112.429,76.3546,72.6919,42.5344
8130,113.04,85.909,69.6943,42.0341
8160,113.177,80.2297,71.3403,44.0746
8190,110.97,75.5028,72.0503,38.9014
8220,112.676,82.6694,72.4502,41.9571
8250,109.546,84.8814,69.8055,42.2472
8280,110.41,86.3784,69.4055,42.6615
8310,110.232,81.9425,69.8047,42.5936
8340,110.273,82.3781,69.4888,40.0335
8370,111.727,84.9056,71.4171,39.4795
8400,113.503,86.5919,71.6724,40.444
8430,113.283,84.8793,70.3971,41.5801
8460,110.712,83.4506,69.7955,41.7899
8490,111.597,81.2286,72.0866,40.8179
8520,111.156,86.7296,69.874,41.3041
8550,110.53,84.7952,70.3446,40.8024
8580,109.584,85.0491,70.9418,41.2374
8610,111.34,82.5595,70.808,40.6726
8640,110.833,82.7588,71.2577,40.0488
8670,109.877,81.4032,71.834,40.6192
8700,112.31,81.3617,68.6698,39.87
8730,110.881,86.5648,70.7754,41.8602
8760,113.45,86.3891,69.5195,39.9325
8790,112.117,85.0995,70.8282,41.5716
8820,111.463,81.5925,69.1197,42.5167
8850,111.867,85.2041,69.5475,42.4282
8880,87.7089,69.604,54.8367,40.0793
8910,87.7626,69.2346,56.8778,42.2108
8940,87.2156,64.7302,55.1622,40.7631
8970,89.3371,64.1042,51.7306,41.1907
9000,88.8307,63.044,54.0849,39.6142
9030,87.3467,62.422,54.1554,41.3744
9060,88.9305,66.3689,53.1568,39.4856
9090,89.5127,65.4318,54.9743,42.0477
9120,89.8307,67.1003,55.2142,42.3664
9150,90.6513,64.2091,53.9288,42.8473
9180,87.6606,64.6518,52.8411,42.1023
9210,87.5448,63.868,52.4841,41.569
9240,90.5717,67.1474,54.1525,42.8915
9270,88.0586,63.3659,53.5785,42.0949
9300,79.4164,53.2736,48.5816,42.6835
9330,84.9139,80.6619,78.9479,53.6192
9360,88.248,102.967,77.4699,66.7241
9390,86.155,105.066,78.6147,65.9594
9420,87.7604,98.5235,76.9163,67.2363
9450,87.3246,101.785,77.7529,65.8645
9480,87.2644,99.2618,77.6973,67.2514
9510,87.4738,104.865,78.3615,67.5205
9540,85.1902,100.995,79.3264,67.2509
9570,85.6894,101.763,77.1865,67.5121
9600,85.9074,102.459,78.0842,65.905
9630,87.6729,99.1758,79.4578,65.2016
9660,85.6587,98.6426,80.103,66.6944
9690,87.382,101.076,76.1972,64.527
9720,87.3248,101.208,79.3612,64.6575
9750,86.7554,100.857,79.8107,65.8049
9780,88.2812,103.179,76.7563,67.5405
9810,86.0414,101.287,79.0027,65.8076
9840,85.286,99.8129,79.2871,66.6734
9870,86.473,102.535,79.4698,65.9644
9900,87.8557,103.895,76.3096,65.0339
9930,86.0592,98.9292,76.8664,67.0378
9960,87.1982,105.039,79.2677,67.5261
9990,86.6436,103.083,77.0659,64.7656
10020,86.8753,101.089,79.9548,66.6372
10050,88.6124,102.884,80.1109,67.4787
10080,88.8153,103.608,77.9896,65.0773
10110,86.7999,100.424,78.5323,64.5349
10140,85.648,102.763,76.8752,65.6005
10170,88.1808,100.957,76.2866,65.155
10200,86.7067,103.933,76.3347,67.0089
10230,87.3514,100.397,79.3567,67.76
10260,88.0501,103.466,78.2654,66.2551
10290,86.9307,101.93,77.5189,65.4696
10320,86.4176,103.858,77.9756,66.895
10350,85.6248,98.8622,78.969,65.2281
10380,88.1385,104.409,78.2926,65.9609
10410,86.3092,102.332,78.6157,66.7223
10440,86.8772,102.941,77.516,67.7616
10470,89.2201,99.4613,79.5303,66.7759
10500,89.0765,104.586,79.3235,65.5939
