Time,FC,PAS,PAM,PAD
-1,74,95,99,65
0,81.4,104.5,108.9,65
30,80.3569,106.655,109.5,65
60,82.0354,102.622,110.653,65
90,82.9974,107.075,111.603,65
120,79.4405,103.97,109.778,65
150,91.072,103.527,121.229,65
180,89.4934,103.315,122.396,65
210,82.7556,104.332,109.334,65
240,81.3241,105.404,110.379,65
270,81.7516,103.888,108.415,65
300,81.4914,103.109,110.094,65
330,80.2912,105.632,110.23,65
360,79.8378,104.011,107.413,65
390,82.2923,106.977,107.82,65
420,80.3753,103.273,107.745,65
450,83.9392,104.176,109.218,66.8595
480,81.6549,102.968,108.84,63.2603
510,84.1477,106.62,108.12,67.1076
540,82.5181,104.225,109.461,65.0124
570,80.4788,103.573,106.243,64.8968
600,83.6554,105.748,111.389,63.5817
630,79.5093,100.617,105.321,65.5777
660,82.3209,105.131,110.749,66.0355
690,79.4616,104.566,110.642,62.8928
720,80.818,103.697,107.878,63.6208
750,83.2967,106.536,106.564,63.0719
780,80.6909,104.672,108.955,66.5012
810,82.4823,106.75,112.89,65.1885
840,82.4522,103.494,108.932,65.6815
870,84.7467,107.258,108.049,65.7447
900,82.187,106.59,105.146,67.8403
930,80.1391,81.6562,85.2584,50.4959
960,82.6176,81.8619,89.8723,50.7979
990,79.6909,86.8369,86.5094,53.5627
1020,80.1393,84.841,86.78,48.3968
1050,76.7057,79.1175,82.6427,54.7603
1080,75.3937,81.1046,83.8997,51.489
1110,76.5273,85.0345,87.5005,49.9705
1140,78.6356,83.3386,90.4562,50.7398
1170,73.0987,84.4884,92.227,53.7474
1200,73.8657,83.255,83.006,52.6151
1230,73.5005,79.7384,85.0013,53.2184
1260,73.4788,84.6988,83.6069,63.048
1290,70.1405,84.3889,87.0465,67.9324
1320,73.9184,104.748,107.55,69.7821
1350,67.8778,103.708,110.857,64.4061
1380,73.0241,102.464,114.735,63.6132
1410,74.2284,106.438,110.035,64.2672
1440,73.7122,100.646,110.602,63.8658
1470,68.2745,101.368,109.49,66.5892
1500,71.6604,106.615,107.481,61.2407
1530,70.2159,105.127,105.92,65.768
1560,73.2665,106.119,106.42,67.1382
1590,73.3343,107.456,110.605,61.8988
1620,72.7053,99.8269,107.374,66.0255
1650,73.9417,103.438,106.193,64.5385
1680,75.7093,102.101,106.374,65.2066
1710,76.247,99.6507,109.564,64.1818
1740,73.7283,102.531,108.076,66.3119
1770,72.3187,107.92,107.299,63.1771
1800,72.3956,103.343,109.722,61.4989
1830,68.5967,103.658,109.642,62.9328
1860,75.4198,103.409,107.073,64.9133
1890,75.7191,111.047,108.003,66.1219
1920,67.651,67.0202,93.1365,47.5111
1950,62.6679,71.2906,51.9405,42.2154
1980,63.6471,72.715,48.0505,48.5724
2010,59.9072,72.1801,49.2474,45.5001
2040,65.6194,70.408,51.4888,45.0874
2070,60.646,72.3095,49.4004,46.2606
2100,62.1304,70.5755,46.5648,42.9156
2130,58.5171,72.3123,47.6352,46.9222
2160,64.6086,73.2833,71.9468,42.7092
2190,67.5946,68.3623,73.0362,47.7075
2220,67.2708,69.5781,72.052,47.6125
2250,68.3959,62.1758,73.0118,45.3783
2280,63.7239,65.6575,75.2037,45.3759
2310,62.4161,65.2688,69.8989,46.2039
2340,63.9738,67.3349,71.2583,48.5323
2370,63.85,64.2512,73.084,46.0597
2400,67.7016,70.8915,74.1822,44.1102
2430,67.3065,68.6053,73.5697,43.1351
2460,63.2347,65.4581,69.3961,47.4023
2490,57.5439,46.0113,60.2925,28.4936
2520,60.4029,45.0094,49.611,33.4611
2550,61.3829,44.7425,50.6797,35.5128
2580,60.0168,48.8813,52.4083,28.7507
2610,62.9072,44.4539,48.9558,30.5868
2640,60.549,48.1475,52.0716,31.5681
2670,64.3788,51.5523,56.835,33.9448
2700,63.6964,51.8809,54.4657,32.2399
2730,66.4046,52.0139,56.7484,36.4805
2760,62.217,47.5182,56.5533,32.7771
2790,62.0193,44.9607,58.9253,30.0577
2820,63.5408,50.2332,54.6435,31.0645
2850,59.5147,50.7446,54.5183,28.9124
2880,61.6187,51.9506,56.6267,33.8954
2910,59.0391,50.6673,59.7163,29.1604
2940,59.1323,46.2359,57.9611,27.9324
2970,61.9183,47.9428,56.8407,32.0428
3000,59.3012,49.2571,58.9819,28.5275
3030,62.0523,47.9199,52.5988,30.0717
3060,59.5797,48.9868,58.8598,27.2246
3090,61.9836,45.4384,56.2087,29.6338
3120,64.3287,46.9605,58.7706,28.775
3150,62.7402,44.8157,55.8658,32.845
3180,62.0686,48.25,57.8229,29.0649
3210,60.6679,44.6006,53.8222,25.9852
3240,60.3507,54.0272,54.5074,31.5226
3270,63.8226,48.5289,56.3446,30.0174
3300,61.8104,58.5348,56.8339,31.9718
3330,63.5786,48.9851,58.7373,31.0554
3360,63.5404,50.7457,51.1824,28.3
3390,64.0662,47.6233,55.8716,33.7243
3420,61.3051,49.0654,56.7761,34.5883
3450,60.4821,53.8524,57.8487,33.6336
3480,62.8677,53.1669,56.1182,28.0475
3510,71.4832,60.727,69.1486,28.5101
3540,75.8689,58.7079,70.4831,28.7353
3570,65.2084,53.3414,67.3618,31.0538
3600,65.6564,49.8234,70.5968,30.3978
3630,67.1593,47.5334,71.8825,30.1098
3660,66.1446,54.1352,69.0804,34.6066
3690,65.3633,46.8448,67.478,25.9344
3720,65.0935,53.6839,70.6684,28.9333
3750,62.8057,55.9281,67.7466,31.0293
3780,65.5311,52.1238,69.1633,37.2986
3810,63.7175,57.5888,70.1559,31.1475
3840,65.2347,54.6823,68.6907,27.4698
3870,62.27,52.0579,70.8058,29.977
3900,66.7721,54.9646,70.8678,28.8713
3930,69.1359,53.8812,65.0955,32.8197
3960,64.1403,59.8424,65.5698,30.1518
3990,63.1633,56.0415,68.0811,28.7774
4020,66.983,56.8516,70.7005,31.007
4050,66.3852,53.1757,67.7139,30.4634
4080,69.4143,56.7941,65.691,31.3958
4110,72.0952,49.2626,69.0746,31.9637
4140,68.7364,48.4083,67.8889,29.7277
4170,72.4237,52.5218,67.3109,33.3903
4200,72.7528,57.4711,69.2624,31.9868
4230,73.7731,57.1579,71.7939,30.585
4260,75.7617,55.1274,67.4883,35.8129
4290,74.9097,54.25,68.712,27.8038
4320,77.5761,52.8784,67.9587,28.0343
4350,72.9717,55.0268,69.952,25.1269
4380,74.6652,50.363,66.6851,26.9355
4410,73.985,54.8827,65.9003,27.036
4440,76.0899,59.1022,71.8542,31.3877
4470,73.886,53.6519,71.4436,29.8761
4500,72.125,53.0057,67.6604,28.7656
4530,71.8473,58.2223,68.5948,30.9775
4560,72.4757,49.3835,64.9205,29.7229
4590,73.6207,55.2968,73.6735,26.7276
4620,70.1591,59.6181,70.9175,31.4322
4650,77.6818,54.6767,65.974,33.9466
4680,72.4152,51.5088,67.3597,31.2686
4710,72.5072,59.6996,69.4354,32.3527
4740,72.7174,56.4105,69.7471,30.249
4770,73.0991,58.7329,66.3767,33.2088
4800,73.4927,54.9195,68.8981,28.8082
4830,72.1447,52.5576,67.165,29.0684
4860,75.8456,53.0273,70.3929,34.9581
4890,73.6029,51.0464,68.3731,30.8178
4920,74.0802,56.1368,69.8428,31.1606
4950,73.3523,51.7493,65.7319,30.5837
4980,70.6189,52.2807,63.3836,26.9092
5010,72.0114,57.4118,67.2218,32.4718
5040,73.1087,49.4503,65.7742,27.0643
5070,73.8548,57.5217,69.4372,25.6595
5100,76.0196,53.8914,65.9074,30.3815
5130,71.2936,56.9688,72.3502,27.2044
5160,76.6375,56.377,70.1315,30.4535
5190,73.9079,55.466,65.1858,31.5189
5220,72.385,48.571,68.7856,26.9578
5250,72.8016,54.1137,71.8752,28.6069
5280,88.3755,64.9664,73.6552,32.2535
5310,87.7762,63.2532,77.925,30.5727
5340,89.5767,61.2598,80.6499,31.1111
5370,85.1273,60.3645,79.1979,30.3884
5400,86.5674,58.7883,80.0193,28.889
5430,90.4902,60.081,76.0281,29.3187
5460,90.0311,60.0389,76.5836,28.1886
5490,85.045,63.1782,78.8921,33.3633
5520,87.5801,61.3171,77.237,26.642
5550,88.9027,59.5046,78.426,27.3253
5580,83.5006,56.4665,73.413,28.6675
5610,91.1918,54.6698,76.7309,25.496
5640,90.3643,59.9212,75.1832,25.6923
5670,91.0916,58.264,74.6975,27.547
5700,89.7076,62.8478,76.3991,28.1195
5730,89.4465,62.0337,78.0459,25.0339
5760,92.8058,65.0256,72.7139,30.3749
5790,94.5573,61.5041,73.9426,29.8129
5820,90.2356,61.7608,75.4775,31.8901
5850,96.3065,61.2237,74.7649,27.0039
5880,99.0082,62.12,78.3381,26.7643
5910,98.3091,66.7552,78.4354,29.0336
5940,97.5291,58.6744,74.8017,24.9507
5970,96.3341,59.538,77.3753,26.9965
6000,99.2211,58.2064,78.6779,29.2292
6030,97.9505,61.2216,78.3799,28.3954
6060,96.3347,66.2417,77.2175,28.5119
6090,97.3497,66.6602,78.3981,26.5877
6120,98.482,67.0344,81.74,30.8826
6150,96.1973,63.7373,81.0818,30.4283
6180,97.103,61.7764,76.9095,27.1879
6210,95.4915,62.85,77.7166,29.0605
6240,97.2577,63.8469,79.6586,28.7952
6270,95.3164,59.4476,80.7069,27.0038
6300,96.9969,65.0162,77.7335,27.0438
6330,91.8577,59.352,79.5753,28.5769
6360,92.2738,61.8984,76.6327,24.4115
6390,88.2128,59.3773,77.5457,29.6671
6420,91.0035,66.7655,79.258,27.0014
6450,90.4853,62.0138,80.7974,28.4045
6480,89.4307,61.8114,78.9955,29.2402
6510,85.9519,60.4259,77.7988,30.791
6540,89.7624,58.3804,73.274,31.6818
6570,87.8799,64.8468,77.4294,32.1377
6600,88.9691,65.0493,77.9969,27.0562
6630,87.3989,60.1319,75.8806,27.3079
6660,88.4532,64.3908,79.796,29.9046
6690,85.5804,62.1712,77.22,26.6538
6720,90.5159,63.4651,77.3741,27.227
6750,88.3695,58.6016,76.7288,30.7632
6780,88.2436,66.7327,75.1284,27.1813
6810,92.0494,59.3457,75.896,31.6829
6840,90.9423,60.6367,76.464,31.0584
6870,86.3727,63.0608,76.4433,30.5947
6900,89.752,68.0908,76.7374,28.9274
6930,89.9971,61.9641,76.2977,27.9857
6960,91.1345,59.5562,80.6109,27.4095
6990,85.728,62.7394,78.1161,29.4439
7020,85.8492,60.1962,81.5842,26.6403
7050,89.5607,66.4809,79.4939,29.3817
7080,90.4573,66.9909,77.6115,29.6686
7110,87.5902,57.943,76.004,28.4361
7140,90.0872,64.4613,73.6036,28.9469
7170,90.4721,62.4303,76.6123,29.5105
7200,89.2518,66.7052,76.029,31.3249
7230,91.0289,67.028,81.4072,27.7452
7260,90.202,63.2595,75.6068,29.5559
7290,89.8535,62.8829,77.5373,28.9583
7320,87.5834,61.0497,76.1133,30.0725
7350,87.5502,67.3752,81.2342,27.792
7380,89.1793,64.3333,74.9562,28.763
7410,88.8632,65.4099,76.871,27.9089
7440,90.5987,59.9104,76.2649,28.1389
7470,89.867,63.9717,79.7964,28.4241
7500,87.4634,62.6474,77.6246,32.4334
7530,90.2942,59.2631,78.3848,22.7494
7560,91.2715,59.8733,76.4144,26.3355
7590,86.3342,57.0198,77.6381,29.1096
7620,88.9419,59.3024,76.9199,29.9646
7650,86.2889,58.7071,78.5021,32.1271
7680,92.0291,59.4717,80.5492,26.1115
7710,89.1304,64.2631,76.4618,31.9877
7740,89.0619,61.6653,77.7594,29.953
7770,86.4393,65.4206,73.7267,30.3494
7800,88.067,66.2831,76.9676,31.401
7830,90.0997,58.7995,75.8429,27.3495
7860,88.2653,62.8082,76.8649,27.9073
7890,90.4925,57.3648,76.4288,27.1889
7920,87.1033,63.319,79.075,26.5941
7950,87.1693,68.8423,78.8655,27.4619
7980,89.9719,67.5167,77.1888,29.1696
8010,88.7505,65.6419,80.6747,26.8523
8040,87.5505,60.1297,78.6536,25.9323
8070,90.3863,64.5954,76.0203,27.7276
8100,87.7162,62.5013,79.648,28.3066
8130,87.6187,58.2562,78.8012,28.1611
8160,89.2939,65.0389,77.0627,27.5221
8190,89.8255,61.8343,76.1292,28.0802
8220,88.9622,64.4475,73.269,29.3311
8250,89.5154,63.2254,80.4207,29.7223
8280,89.1423,62.1612,77.8126,27.8347
8310,89.1652,59.1339,75.7606,25.8789
8340,90.7766,68.3548,80.0559,28.3569
8370,89.6481,57.2757,79.3096,28.6555
8400,89.4196,60.4792,78.0002,27.8473
8430,89.9617,63.7165,74.3801,25.4066
8460,87.5853,66.3546,75.4034,28.6616
8490,88.9994,59.731,78.6603,27.8455
8520,91.9976,64.2421,76.1118,26.6965
8550,89.2267,63.8317,73.9228,29.0075
8580,87.8832,60.0291,79.9602,27.8438
8610,90.1098,61.2845,76.2523,27.6223
8640,86.4292,63.5442,82.1477,29.9521
8670,91.1758,63.1679,77.2942,28.5791
8700,89.2062,62.8417,79.3073,28.7589
8730,86.253,66.086,78.2173,27.0347
8760,86.7731,61.3635,80.1861,29.1705
8790,88.6826,63.1616,77.0973,26.3119
8820,86.4662,65.8639,79.6637,31.9304
8850,87.7731,60.6571,78.713,31.7222
8880,91.3393,62.3955,77.7569,28.6945
8910,90.0228,60.4285,77.5133,28.8732
8940,90.0781,61.7005,73.7959,27.4433
8970,86.8365,64.9648,77.4519,30.4256
9000,90.9044,64.1895,81.7409,27.6799
9030,88.3569,59.4575,77.4382,29.9507
9060,88.2303,60.9603,78.6956,24.3676
9090,92.8479,65.7729,78.7049,26.1337
9120,90.2192,69.0676,76.5682,28.4263
9150,87.5292,64.0888,79.8576,32.7868
9180,91.9467,65.9334,74.5919,28.0249
9210,88.4086,66.1877,82.8286,26.3698
9240,91.6724,63.8148,76.1691,26.5201
9270,95.146,67.8146,77.6342,29.4731
9300,93.6483,65.4387,79.2023,29.0747
9330,94.2367,65.1899,78.5345,25.0364
9360,93.1296,61.1897,79.8784,26.8017
9390,95.389,68.3734,77.2391,27.8608
9420,93.0297,67.7266,76.668,30.0531
9450,95.8411,63.0952,80.1279,27.0877
9480,98.4682,66.3867,74.6701,24.4511
9510,99.965,65.0387,74.5797,26.8956
9540,98.7214,63.68,78.5574,25.7327
9570,98.7187,64.1701,77.8035,25.1751
9600,95.8897,62.9616,77.1055,28.6764
9630,97.9168,62.6217,74.3002,28.3782
9660,102.73,68.1853,79.7124,26.7612
9690,103.738,63.0533,80.2045,26.8458
9720,102.987,64.7454,75.9714,28.1594
9750,104.537,65.1809,77.2183,26.9532
9780,99.1471,64.0741,75.3199,30.6266
9810,100.203,65.8203,75.8442,25.3787
9840,102.761,69.5298,77.8689,29.1152
9870,103.658,66.738,77.7226,30.1677
9900,103.025,66.6857,75.7033,26.397
9930,102.281,67.2263,78.5818,30.3212
9960,101.91,66.2522,76.7437,27.4028
9990,100.469,67.7515,76.9559,28.8929
10020,102.921,63.5924,77.7311,27.9188
10050,102.059,63.5426,76.647,27.3663
10080,104.178,63.9484,78.2474,30.5485
10110,100.74,68.0205,76.3828,27.0337
10140,102.49,63.0367,75.7319,29.7066
10170,101.476,69.7814,77.826,25.9906
10200,100.369,64.2844,80.0728,26.9892
10230,99.5178,64.5593,76.2038,28.73
10260,102.408,64.6246,77.9312,29.2936
10290,99.209,68.6308,79.3064,28.5609
10320,99.2811,64.3538,77.9895,25.9276
10350,101.17,68.8885,76.6128,27.6734
10380,101.898,65.9908,75.7211,26.0154
10410,101.127,62.8405,74.218,25.2262
10440,100.151,65.3692,75.3454,28.2335
10470,101.27,60.3192,76.9554,26.8876
10500,103.581,61.5967,77.7079,28.2047
10530,100.953,68.2428,75.1604,25.3955
10560,101.91,64.1572,76.5369,26.2722
10590,99.6199,61.6874,76.6163,26.7197
10620,101.752,68.9337,79.087,28.7754
10650,101.631,66.7718,78.5293,26.1371
10680,101.202,64.8737,77.1772,28.1018
10710,100.422,60.685,77.9502,25.9941
10740,102.374,67.781,79.346,28.3696
10770,102.777,68.8556,77.1776,28.8621
10800,100.219,67.8947,76.7534,27.0327
10830,101.883,67.1091,78.1666,28.9848
10860,100.086,67.5474,77.8931,27.2548
10890,100.83,66.7949,77.3769,27.7252
10920,102.413,65.4825,76.5418,29.0938
10950,99.5999,63.4402,78.2551,28.5933
10980,102.693,65.1005,79.0741,27.646
11010,101.4,66.8337,79.6759,26.2007
11040,100.627,68.7986,79.3207,28.955
11070,101.773,64.62,79.7474,28.3184
11100,103.285,64.8458,77.5757,26.2809
11130,102.886,66.6213,80.0298,27.4384
11160,103.237,69.0084,78.4557,25.0318
11190,103.497,63.4751,79.6802,28.3085
11220,100.567,66.488,77.9256,28.4242
11250,99.8167,64.7883,76.7055,26.9359
11280,100.017,68.2043,77.8672,28.2512
11310,99.4404,64.8076,78.4901,29.1645
11340,81.4948,55.301,61.7604,26.4316
11370,81.1105,51.6598,64.2069,26.3983
11400,80.1617,52.946,61.968,25.7261
11430,81.2899,51.4504,64.358,28.2072
11460,79.4172,50.5901,61.6983,28.5953
11490,78.84,52.3045,60.6887,28.2274
11520,78.3799,52.5287,61.5581,27.2142
11550,80.3212,48.9904,61.4664,26.7672
11580,80.2581,53.0727,62.4405,26.3301
11610,80.5918,52.3775,62.0089,25.7291
11640,76.6975,54.1786,60.8405,27.2682
11670,76.9287,50.2413,60.6374,28.6156
11700,79,53.4551,62.2301,25.8338
11730,78.387,54.3148,63.232,29.027
11760,79.207,51.3352,61.3402,27.4832
11790,78.6174,54.1494,63.4056,26.8456
11820,79.4934,52.8923,62.4193,28.0275
11850,78.0165,50.8018,62.9524,27.0212
11880,77.7975,49.8651,59.5491,27.0332
11910,78.4516,50.2865,60.7966,25.4544
11940,68.4475,43.474,53.8954,27.5424
11970,74.3606,78.1041,71.0499,47.669
12000,77.4434,76.7214,86.1,45.8634
12030,78.5264,78.0705,87.7501,47.7773
12060,78.5959,79.0493,86.6988,46.4023
12090,77.7549,78.2851,88.4058,45.3667
12120,76.4681,81.5228,87.4665,48.99
12150,74.895,81.9771,85.4505,45.8984
12180,78.4066,78.8436,88.4217,48.8182
12210,77.0316,78.8923,87.475,46.2453
12240,76.0225,81.539,87.3493,46.3175
12270,74.704,78.048,85.2796,45.0973
12300,77.1448,79.1849,86.7903,46.6602
12330,77.4268,78.1906,87.2742,45.6786
12360,74.7827,77.5191,85.8062,45.7998
12390,74.6183,78.1208,86.9726,49.07
12420,77.0443,78.4828,88.7607,45.8554
12450,77.355,79.7233,87.3419,45.173
12480,75.9544,77.4461,86.782,46.758
12510,75.9319,79.3076,87.1167,44.8791
12540,78.2003,82.0285,86.8268,47.3709
12570,75.1652,82.3144,88.2126,46.0637
12600,74.8735,82.1931,87.1243,45.6181
12630,75.2369,82.3083,85.8241,48.3434
12660,75.598,77.2892,85.3751,48.9997
12690,77.0807,80.274,85.3511,49.0799
12720,77.616,79.413,86.8792,45.3395
12750,78.3729,82.1595,85.6149,48.2952
12780,78.1677,79.868,86.7215,45.1295
12810,76.6505,77.8042,86.5092,47.6035
12840,74.9974,81.6251,88.3706,46.3436
12870,77.9752,76.7141,85.8231,45.3642
12900,74.8041,78.0347,85.5265,47.9561
12930,78.0612,77.562,87.9787,47.4198
12960,77.0523,77.6918,87.9463,47.1736
12990,74.8869,81.5185,86.5405,44.8576
13020,76.0484,81.0775,85.4023,48.7514
13050,78.4947,79.0863,87.3537,45.2851
13080,75.5377,78.9692,86.9088,45.3053
13110,76.0751,80.2959,86.0285,46.9736
13140,77.8402,81.5617,88.569,47.8711
