Time,FC,PAS,PAM,PAD
-1,85,113,85,75
0,93.5,124.3,93.5,75
30,95.3936,125.104,91.42,75
60,92.6387,125.469,93.3446,75
90,94.5477,122.988,95.1924,75
120,93.5584,123.103,93.4002,75
150,103.232,125.704,105.126,75
180,100.689,122.687,103.796,75
210,103.862,124.183,92.2155,75
240,105.029,123.437,93.8455,75
270,95.7883,125.095,93.413,75
300,92.6451,127.079,92.9557,75
330,92.2709,122.725,94.1431,75
360,93.7478,121.921,92.4335,75
390,95.0997,122.82,95.0158,75
420,93.5064,124.484,94.3187,75
450,92.6554,124.42,92.7858,76.0598
480,91.2904,123.626,92.4936,76.3412
510,93.8582,120.376,93.6038,74.4527
540,95.0034,124.189,92.1151,74.3832
570,93.011,122.643,94.1471,74.1338
600,93.8254,119.117,92.0621,75.5689
630,95.6615,124.407,93.6129,75.309
660,93.4514,130.143,91.069,75.8481
690,90.412,120.693,95.5575,75.2825
720,91.9159,125.134,94.0197,74.9039
750,92.7347,121.151,96.9581,75.7505
780,92.0778,123.815,90.7114,75.1555
810,93.3437,124.611,92.9353,73.6557
840,94.4621,127.143,91.4586,73.8545
870,92.0352,127.097,95.1964,74.031
900,92.991,125.483,89.9322,75.9682
930,95.0697,98.8397,77.1254,59.0797
960,94.0677,97.3045,78.2049,62.3083
990,87.8905,106.464,78.8696,60.7928
1020,89.3432,103.921,78.5322,58.7629
1050,87.1816,103.13,80.0791,61.159
1080,83.882,93.5283,71.8438,59.414
1110,87.3651,95.8726,72.8146,62.8872
1140,86.3979,95.9075,72.2899,60.2269
1170,86.4299,100.042,76.7954,62.0109
1200,85.0711,96.166,72.8169,61.1974
1230,84.5366,101.963,78.6647,62.0261
1260,83.1291,100.672,90.0422,72.9289
1290,86.1104,97.7832,97.4075,76.9942
1320,83.1392,125.897,92.1144,74.9398
1350,82.8799,129.682,88.3319,72.1773
1380,84.7448,125.536,90.4214,73.3909
1410,88.2333,126.43,92.5467,77.5079
1440,85.4979,128.067,89.2655,77.0525
1470,86.8239,122.165,97.3964,72.5531
1500,86.6119,121.578,94.7479,75.3314
1530,85.5336,117.686,93.6072,71.686
1560,82.489,120.392,93.4571,73.349
1590,80.5334,127.964,89.0187,74.6631
1620,85.8068,117.747,90.4548,74.3729
1650,82.8844,129.665,94.2001,74.8927
1680,85.3381,116.91,90.333,76.6198
1710,83.3862,124.165,92.0283,75.0331
1740,82.3086,91.3858,62.5599,51.1402
1770,73.8675,84.3416,41.6418,52.15
1800,69.1201,89.1418,42.8002,51.6935
1830,73.1175,83.8315,44.4844,50.2123
1860,71.2361,92.6298,42.2813,53.1699
1890,67.6065,86.0637,44.7337,52.6321
1920,69.2687,90.5348,44.7705,49.6359
1950,68.7189,87.8358,44.2266,53.3411
1980,78.2427,87.6681,57.8539,49.4754
2010,77.0667,84.4821,57.7627,51.1889
2040,75.6945,80.7511,62.4116,53.0298
2070,74.3914,83.4181,62.2649,52.1241
2100,75.22,83.5296,65.9615,50.264
2130,75.1847,85.663,59.3042,53.294
2160,76.0961,84.225,62.3808,51.1581
2190,76.3608,89.8231,60.6629,52.4594
2220,76.5258,92.1019,61.3749,51.4693
2250,77.5021,91.7785,60.8736,52.815
2280,72.6664,80.5171,65.4285,54.0688
2310,71.4727,61.9701,43.4442,37.3625
2340,71.6142,63.3302,42.1606,33.6755
2370,69.6959,56.9861,44.6231,36.5599
2400,68.6695,59.1822,40.1028,36.7373
2430,66.9388,59.9676,43.6203,37.4685
2460,68.2681,61.9693,39.599,38.1371
2490,72.8896,61.0038,44.1827,36.1839
2520,74.339,62.6219,39.4246,35.5391
2550,71.7918,62.437,40.6392,38.8472
2580,72.3527,66.7181,47.8158,35.5102
2610,71.0758,71.3965,45.3595,37.3139
2640,71.6805,65.5424,44.2067,35.5372
2670,69.8707,72.3084,47.4419,35.6153
2700,70.5119,67.6115,49.0302,34.0945
2730,69.8002,62.5078,44.9081,35.982
2760,66.3995,57.586,46.9768,36.4151
2790,68.0471,61.3264,45.1521,34.4238
2820,67.1188,58.7294,42.7988,36.4128
2850,81.8376,72.7588,54.5363,36.5507
2880,80.0752,75.1459,55.6862,37.3184
2910,73.8198,66.1462,44.154,37.4855
2940,71.3378,62.745,38.1354,37.6868
2970,70.6548,64.2424,37.8171,38.1694
3000,70.5398,59.6533,45.4673,34.1265
3030,70.2422,60.0292,39.0057,37.9479
3060,68.5264,64.2248,46.6245,38.0422
3090,73.2852,60.4848,47.0034,38.1746
3120,69.9615,58.5654,43.6456,37.4271
3150,70.5231,61.8293,45.1509,35.3585
3180,69.4309,66.262,45.9806,33.0192
3210,71.1945,64.5535,43.8217,38.3237
3240,69.3187,62.6815,42.5694,37.8246
3270,69.9557,69.3517,41.9671,36.8685
3300,72.4731,59.0673,39.9285,33.7034
3330,69.3516,63.4058,42.3747,35.6771
3360,71.5368,61.2598,46.0083,40.2873
3390,68.7653,65.1588,42.2709,34.6985
3420,68.3776,58.0287,43.9884,37.1888
3450,67.9341,66.4428,45.8553,36.6556
3480,71.4995,69.3276,40.0552,39.792
3510,68.9163,58.6883,45.9934,35.2904
3540,72.1853,62.5278,45.0264,36.6194
3570,72.236,64.7043,39.8608,37.0075
3600,67.5627,65.8942,44.0944,36.2469
3630,67.6196,63.7666,43.0197,36.1094
3660,72.9324,64.2502,45.4665,35.5322
3690,70.6594,72.7203,44.0514,36.3445
3720,68.4074,62.4547,40.2665,37.7211
3750,69.4766,67.8725,41.4169,35.6243
3780,72.2327,67.3287,43.5763,34.1896
3810,71.3674,66.6659,45.7803,36.0901
3840,67.6861,64.431,40.5572,37.7177
3870,68.6768,65.3418,41.1532,36.6907
3900,69.7255,68.953,42.6567,35.7185
3930,67.7649,62.6592,43.7659,36.4355
3960,70.0764,69.922,38.6988,36.259
3990,70.1113,65.6041,43.2635,37.47
4020,71.073,67.9166,47.4872,35.6531
4050,72.7656,67.0165,40.0672,37.3718
4080,75.3384,63.7681,44.0738,34.6405
4110,74.6118,62.7114,47.8721,36.8418
4140,75.4277,64.9765,44.0378,36.1924
4170,77.2705,65.7,42.6968,38.1261
4200,75.9553,67.7127,43.8861,36.1317
4230,77.3938,63.4356,42.8491,36.5441
4260,92.5615,82.9828,57.4783,34.4734
4290,95.135,82.461,51.7268,38.1718
4320,94.4025,72.1638,56.0286,38.304
4350,93.1077,77.1378,52.39,39.571
4380,95.5539,82.7383,54.79,37.9447
4410,94.0881,81.9875,54.5428,38.6866
4440,91.8088,81.4176,59.2365,37.7015
4470,93.9448,78.5434,51.0574,34.8033
4500,92.8329,84.4907,55.3874,39.3565
4530,94.3513,87.1689,52.3561,35.1341
4560,93.8076,86.4008,53.1077,36.0427
4590,101.042,95.7355,56.7655,35.9379
4620,103.212,88.4173,56.1287,36.6262
4650,99.118,97.4224,53.5176,35.85
4680,102.167,92.4913,54.9447,36.6065
4710,100.757,91.8206,53.6634,36.9541
4740,99.193,88.8923,57.8676,38.5869
4770,100.639,95.9933,59.6434,38.3989
4800,99.0536,87.4089,51.7264,36.1544
4830,101.661,87.4198,60.6114,34.9299
4860,102.641,88.4678,60.3361,36.4794
4890,102.696,89.6078,56.8177,36.6584
4920,102.625,90.4087,58.6542,38.9197
4950,102.76,84.2144,58.4798,40.0448
4980,103.432,86.368,61.255,36.6383
5010,102.933,92.312,58.6297,34.0378
5040,102.128,89.6934,56.0538,36.294
5070,103.411,90.8332,56.3708,37.3774
5100,101.669,90.1062,55.1109,37.3203
5130,99.7074,91.1154,60.3141,35.082
5160,101.941,90.4028,57.8257,35.4249
5190,102.737,95.7689,59.0634,37.6373
5220,100.548,95.2916,58.3786,33.4915
5250,99.4562,90.6005,56.5185,39.2683
5280,94.7375,87.463,59.3176,37.3227
5310,97.5333,90.1142,54.281,38.6232
5340,94.3552,92.9421,54.7736,38.4565
5370,97.6882,91.901,55.4483,38.6891
5400,91.9962,87.617,57.638,39.9064
5430,93.1803,88.7779,55.296,38.2699
5460,89.5303,93.6585,53.9096,35.7308
5490,95.2219,92.3993,55.8037,35.475
5520,92.7576,93.7133,55.9559,39.0693
5550,92.8745,89.9733,60.3133,37.7444
5580,94.1199,88.3627,52.0539,34.8524
5610,94.8465,86.9704,54.5474,37.1538
5640,95.988,87.9354,58.1451,35.4017
5670,94.9559,89.7647,54.6828,35.9087
5700,94.6782,90.0895,55.1253,38.0366
5730,98.8854,87.1105,52.3646,37.5612
5760,96.6367,89.6627,55.35,33.0324
5790,97.0805,89.2543,55.9755,38.9916
5820,96.5671,90.5088,61.5905,38.4157
5850,98.5254,91.0141,54.693,37.6864
5880,97.4557,92.7987,50.7277,37.6994
5910,97.6661,88.304,58.2421,35.9817
5940,98.8007,84.4186,57.3913,34.817
5970,97.3889,88.2888,54.6516,34.9162
6000,98.4763,87.488,50.5511,34.7993
6030,100.365,82.2422,52.3761,34.8391
6060,97.7806,89.1035,55.7904,37.083
6090,98.758,93.6423,53.016,35.7612
6120,99.3643,85.8427,57.7168,36.0255
6150,99.4141,87.6674,54.6957,35.4157
6180,99.5194,88.8548,52.1486,37.4323
6210,98.369,87.8856,53.9571,36
6240,96.6713,85.3448,54.7553,36.097
6270,96.0224,89.4745,50.9838,36.2381
6300,97.1714,84.7197,59.6812,34.1596
6330,97.6905,83.3899,53.6875,37.0416
6360,96.7807,87.3357,52.8004,37.5964
6390,95.8142,89.7996,51.8126,36.557
6420,97.7764,89.7872,53.2066,33.4035
6450,96.234,92.8608,56.8848,37.3342
6480,97.753,93.2752,49.1626,33.2812
6510,96.8773,89.3613,56.3485,34.736
6540,98.1517,82.068,46.9407,35.8973
6570,96.1931,84.756,54.9826,36.9202
6600,97.3716,82.809,52.7655,36.9481
6630,101.067,88.14,53.9172,33.5636
6660,96.9667,95.6551,53.467,38.2812
6690,95.0572,88.3046,50.7397,34.8002
6720,95.9407,87.4569,59.3577,33.6712
6750,97.8898,89.2218,53.7039,35.7474
6780,98.1989,89.8454,56.1678,36.1855
6810,97.703,89.1405,56.1811,35.8772
6840,96.6875,84.9861,48.7184,35.2958
6870,97.03,84.1072,52.4165,36.5043
6900,98.2299,87.0163,55.9425,36.2313
6930,98.5329,90.388,50.7158,35.3565
6960,99.2695,90.5078,54.8232,35.4963
6990,97.5362,89.9241,53.0971,36.0297
7020,98.048,85.6604,57.0662,37.7345
7050,96.5087,90.2166,55.4497,37.6019
7080,97.6488,88.579,53.4411,37.1281
7110,96.0157,85.671,52.8875,37.5112
7140,100.033,89.2101,50.3469,33.7376
7170,100.806,83.699,49.0723,35.2798
7200,96.3064,92.5565,52.2965,38.9506
7230,97.3852,81.4445,53.4161,33.4916
7260,98.6387,91.5804,50.583,37.7034
7290,97.156,82.4298,47.9637,37.26
7320,96.1861,94.856,52.9777,34.125
7350,97.9317,89.6875,57.916,36.8488
7380,100.149,89.0487,55.6832,38.6476
7410,99.046,90.6495,56.9832,35.2997
7440,97.4758,83.9298,54.3231,34.1403
7470,97.7734,86.8016,57.5323,35.2495
7500,96.8947,86.6003,55.3136,36.2382
7530,95.7537,85.4978,55.2258,34.698
7560,97.101,88.5501,59.7897,34.1581
7590,96.3354,90.9039,50.8767,37.0043
7620,98.8214,84.451,58.7439,32.8092
7650,98.619,87.2117,54.8157,37.6591
7680,95.0364,85.3779,58.6803,37.0621
7710,97.0267,88.9128,49.8063,36.9563
7740,100.191,85.1518,52.9367,34.5055
7770,94.896,84.5109,59.4503,37.6871
7800,96.3177,83.7382,50.0318,36.9031
7830,97.1877,88.0155,57.4414,36.7758
7860,96.4885,83.9333,51.518,36.0484
7890,94.0197,85.6072,54.3776,34.9963
7920,94.1546,89.6617,57.4879,36.0368
7950,94.4134,78.3702,54.749,35.71
7980,97.0002,82.8075,53.8664,38.6186
8010,95.8132,84.8195,53.4281,35.9312
8040,94.8963,84.002,57.3165,37.1775
8070,94.6611,89.3851,54.0759,35.8475
8100,97.0317,88.7738,55.933,34.5094
8130,96.7528,88.104,54.563,39.4898
8160,95.4617,84.1808,51.6306,38.3619
8190,97.0758,89.6937,51.1834,36.5671
8220,95.8788,83.4001,54.189,37.2516
8250,99.4263,84.957,56.5666,34.6465
8280,99.8998,84.4156,53.8259,33.3311
8310,101.143,89.5924,54.8261,37.1411
8340,101.363,83.487,51.2071,35.6065
8370,101.639,87.67,51.2361,34.8217
8400,104.25,88.9816,54.5207,36.9979
8430,101.601,88.895,53.1649,35.6797
8460,103.852,84.8228,53.8025,34.9269
8490,105.559,84.0909,53.4455,36.5757
8520,105.016,86.9405,54.6478,36.6796
8550,106.099,83.0452,52.5895,36.0787
8580,106.766,87.912,51.3888,35.5835
8610,104.962,83.0899,53.411,34.2458
8640,106.051,88.5608,54.4576,36.8049
8670,104.401,86.2046,53.0301,34.4754
8700,104.522,87.5645,54.4844,35.8168
8730,105.353,83.5334,51.583,34.4628
8760,106.108,89.5099,54.2994,35.5978
8790,105.497,86.3965,54.8365,34.3252
8820,104.898,83.505,54.0758,35.333
8850,104.346,85.1786,53.5295,35.7878
8880,104.592,85.8424,53.4799,34.5985
8910,107.276,83.8827,52.6935,33.9306
8940,106.953,84.7688,53.8088,34.3612
8970,105.263,89.0856,52.2798,36.6137
9000,107.201,83.9745,52.8487,34.6941
9030,106.375,85.4418,52.6031,36.5301
9060,105.61,84.1068,52.2717,35.4142
9090,105.792,89.6289,51.1773,35.7768
9120,105.523,88.111,54.8483,34.7785
9150,107.247,85.2515,52.0895,35.9662
9180,106.187,83.071,54.769,36.6801
9210,107.334,84.5975,54.6406,36.2506
9240,105.408,85.1819,50.7511,33.9187
9270,106.511,86.3824,54.9699,34.2043
9300,106.438,84.8533,53.5953,34.2972
9330,104.991,88.2641,54.3494,35.8871
9360,85.01,69.7956,44.459,35.1656
9390,86.6281,67.435,40.1911,35.6381
9420,84.1882,72.0142,42.1555,34.5435
9450,83.876,67.7635,39.6319,35.6911
9480,84.163,62.4265,38.4943,34.9561
9510,83.8291,65.4221,37.7503,34.612
9540,84.6171,62.6114,37.3342,34.0534
9570,84.9395,63.0599,39.0419,35.1883
9600,84.7422,66.625,39.7263,36.392
9630,81.7966,61.8706,37.4619,34.8731
9660,85.2952,68.1592,38.1744,34.5289
9690,82.7974,65.7564,39.5046,36.8315
9720,84.1203,64.9197,37.0603,34.6254
9750,85.2803,67.3763,37.8777,36.2759
9780,85.09,67.9088,39.6856,36.3878
9810,82.0243,65.8864,36.71,36.6672
9840,82.8532,62.8466,39.1657,34.8739
9870,82.2581,63.1002,38.7216,34.29
9900,82.1805,63.4564,37.1847,35.1519
9930,84.6736,63.1823,37.3845,35.341
9960,75.7689,59.6565,34.8969,35.8181
9990,79.0328,93.5598,60.9881,57.9296
10020,81.0648,93.9452,60.5137,57.0952
10050,83.7781,96.0546,59.5948,57.0523
10080,83.2781,98.0935,61.5945,59.1685
10110,80.9171,93.4707,59.0916,57.1024
10140,82.2175,94.7977,62.1377,57.2725
10170,82.7831,92.4176,62.7324,57.246
10200,83.497,95.4624,63.4785,57.6136
10230,83.3351,94.4392,63.4273,59.2394
10260,82.9924,93.7419,59.6978,58.2038
10290,83.7512,94.2613,62.9522,58.4231
10320,81.5329,94.5455,61.7792,57.5874
10350,82.7946,96.3552,62.0145,56.7141
10380,80.8871,94.0222,60.85,58.6212
10410,81.9475,93.2662,58.9241,57.0805
10440,83.1773,98.3874,62.0216,57.9852
10470,81.7864,95.7425,61.1715,56.5165
10500,83.5834,96.3533,62.0651,58.6818
10530,80.5979,95.1698,60.9734,57.317
10560,83.7075,92.1653,62.3697,57.9765
10590,83.0655,94.3299,62.0157,58.8604
10620,82.975,92.3153,61.5971,56.6383
10650,81.4863,95.8913,60.4067,56.4189
10680,82.5667,98.4215,61.5415,59.1997
10710,82.505,92.1128,63.714,57.6261
10740,83.0363,96.1806,59.6537,58.5906
10770,80.9933,96.0319,58.9909,56.4504
10800,82.8918,97.005,61.5791,57.5149
10830,80.9849,93.2825,59.7655,58.8666
10860,81.4951,97.0077,63.364,58.0376
10890,81.8253,93.516,61.6283,59.2327
10920,81.3087,92.7188,63.1714,58.7428
10950,81.0834,97.6484,59.7547,59.002
10980,82.325,94.4149,61.7808,58.323
11010,80.5077,96.2238,62.1529,58.3918
11040,82.0025,93.4646,58.9896,58.0427
11070,82.1126,93.5481,60.6496,58.5682
11100,80.5663,93.8383,60.147,57.5379
11130,82.4389,97.5553,60.4199,58.6868
11160,84.0077,93.278,61.5109,56.7811
11190,80.7654,96.879,58.7847,58.13
11220,80.9629,95.9502,59.894,56.7576
11250,81.4358,97.9155,62.7755,58.4247
11280,80.6854,101.015,62.4569,58.1566
