Time,FC,PAS,PAM,PAD
-1,69,107,88,69
0,75.9,117.7,96.8,69
30,75.9897,117.103,97.6818,69
60,77.3343,120.335,97.2342,69
90,75.4611,119.346,94.7273,69
120,75.3363,119.117,98.0976,69
150,83.7176,115.45,104.286,69
180,82.2269,115.319,105.49,69
210,81.7274,117.985,96.5025,69
240,85.0407,119.725,98.3947,69
270,74.9272,117.775,98.5675,69
300,75.7536,117.44,96.1098,69
330,74.9002,117.277,98.561,69
360,74.6474,118.482,94.4942,69
390,76.847,115.008,99.1773,69
420,74.5221,116.292,95.8368,69
450,77.9403,116.483,98.5677,67.9658
480,76.745,117.794,98.5172,68.3705
510,77.5233,119.463,97.4086,68.016
540,75.8642,119.65,98.8328,69.086
570,76.2442,120.227,99.7568,68.8114
600,76.4184,117.37,95.1541,68.2776
630,76.171,118.71,98.1321,67.8596
660,73.8886,117.321,97.8285,70.5468
690,74.7255,117.152,95.0464,67.7549
720,76.7521,119.683,96.2226,67.6902
750,77.7488,117.182,96.1412,67.7728
780,76.0785,114.311,97.795,71.0881
810,74.4616,92.7981,77.1711,56.1122
840,71.6479,95.6715,78.963,54.4556
870,72.4437,98.3693,75.6729,55.0852
900,74.3636,95.674,75.4741,55.5633
930,77.3701,92.037,74.57,53.2569
960,69.4943,95.0754,77.6967,55.7001
990,70.1474,91.505,73.2545,56.0059
1020,70.7876,93.2878,73.5221,56.4214
1050,73.4072,101.646,74.4102,52.3005
1080,66.0603,120.834,79.4076,54.5074
1110,66.4575,121.47,76.7063,53.5203
1140,68.35,117.151,75.3851,71.0912
1170,67.2137,116.828,73.5043,70.8161
1200,68.3244,117.975,92.7558,68.0291
1230,65.4842,112.699,94.5731,70.2444
1260,69.7651,115.339,91.0596,66.0311
1290,69.1769,116.104,96.8608,70.9516
1320,69.964,117.932,97.4822,70.9731
1350,68.7761,119.788,95.4009,67.8497
1380,67.9785,104.296,70.9143,51.6797
1410,58.5005,80.9859,47.3831,46.2175
1440,57.9692,79.9328,46.2909,51.2419
1470,59.3283,74.6949,45.8839,49.8059
1500,58.2532,84.5487,46.25,49.2741
1530,58.8773,83.3,44.6101,48.5003
1560,57.2163,75.8483,44.0194,49.2179
1590,57.4775,78.6987,45.9564,49.3434
1620,60.134,85.0006,63.7533,47.4534
1650,64.2052,79.2776,63.5901,48.2033
1680,61.8642,74.751,65.8683,48.6342
1710,61.3643,81.9579,62.9994,48.2528
1740,64.0858,78.5268,66.5406,49.8521
1770,60.7985,84.3532,65.221,47.8583
1800,61.9371,75.6996,65.6202,49.125
1830,61.5759,73.906,62.3434,47.2041
1860,63.0973,73.3294,61.9213,49.4345
1890,63.8018,78.6544,64.6535,48.3973
1920,62.5559,85.1842,60.6531,49.3748
1950,59.4428,67.7274,47.3395,34.4682
1980,57.6877,52.3393,49.161,31.0211
2010,58.3617,58.4809,48.4593,34.473
2040,58.3561,52.9808,47.1805,34.0832
2070,56.5091,51.5427,44.9636,34.0923
2100,56.4915,47.8292,45.5854,34.1432
2130,63.5896,49.3604,52.5622,34.0538
2160,60.9594,56.9753,47.4753,32.7926
2190,74.4036,65.1967,61.5912,31.4637
2220,70.8119,72.7122,62.6118,31.8719
2250,61.6171,63.3658,60.4299,33.2501
2280,60.2744,60.7751,58.1816,34.38
2310,61.7651,68.2092,59.8072,33.9792
2340,60.412,64.0145,56.9792,32.0472
2370,62.7099,59.2694,59.0146,34.0756
2400,56.4755,58.0612,58.1308,37.4238
2430,61.9137,59.2231,59.6809,33.1648
2460,59.4262,58.082,60.8304,33.5699
2490,60.3593,67.8643,61.3532,31.8183
2520,57.3544,58.4071,60.9905,35.0996
2550,59.1905,60.2101,60.9124,36.033
2580,61.4296,59.5632,60.0891,35.4041
2610,58.5916,53.1452,61.3977,31.4033
2640,62.0753,58.0677,59.4028,35.0446
2670,57.4464,56.512,62.5042,34.7705
2700,67.7754,66.288,67.2173,34.6301
2730,70.9853,66.3379,69.0036,37.5976
2760,68.0417,63.345,65.2216,31.252
2790,69.8681,69.9718,66.7561,35.1369
2820,68.0299,63.4844,65.2171,37.1541
2850,65.9846,67.5712,65.5384,33.7017
2880,71.7098,62.9432,68.6568,33.2251
2910,70.3849,69.9436,65.6816,33.3794
2940,67.198,70.6585,68.2375,33.934
2970,68.8441,67.5839,67.2881,31.9498
3000,67.5836,70.1555,69.0109,34.0653
3030,75.3263,74.6754,70.08,30.3626
3060,72.8613,72.7268,71.0056,32.3334
3090,74.5229,73.2364,70.3557,37.4941
3120,72.7029,71.3719,70.131,34.6825
3150,69.6935,81.2006,74.231,31.5995
3180,70.5065,79.2474,71.103,33.0125
3210,71.586,68.6469,72.4466,37.4348
3240,71.5795,70.5445,73.6483,33.5554
3270,72.1864,75.5678,76.5816,37.709
3300,71.6657,78.2692,75.2103,36.7305
3330,72.8565,71.2,68.2697,31.5677
3360,72.7458,76.5001,71.8935,30.0626
3390,71.1962,69.707,75.031,33.1786
3420,72.3489,76.4774,71.3336,33.2695
3450,71.1319,72.7387,70.326,35.4476
3480,71.7196,70.374,72.0325,34.4919
3510,73.4287,78.7962,73.389,36.0289
3540,71.3077,74.1121,74.3644,34.918
3570,72.5361,72.7435,72.5196,36.3412
3600,76.3049,76.6255,71.1865,33.804
3630,73.7281,73.8587,69.2066,35.4667
3660,74.212,68.499,68.2945,36.5783
3690,72.3241,74.7377,73.6571,33.7674
3720,74.1361,77.8378,67.2732,33.5686
3750,71.0027,73.846,71.1402,34.6899
3780,75.1316,81.4768,72.8632,32.7913
3810,74.0076,70.2701,73.3779,33.0602
3840,73.8417,64.9171,70.9835,35.6802
3870,74.8094,77.1331,68.5527,31.0262
3900,71.094,72.1328,70.3476,36.2027
3930,73.9754,68.5769,68.2887,35.007
3960,74.4739,72.7364,69.7161,32.472
3990,75.4262,78.4162,66.3781,33.8214
4020,72.3676,78.333,68.8957,35.3017
4050,72.1123,76.8268,70.4465,33.3631
4080,73.2355,71.182,69.2486,37.2821
4110,71.343,71.5485,72.7569,37.6657
4140,75.8098,82.9603,67.3562,32.5535
4170,72.0133,78.8286,72.5402,36.2049
4200,73.5175,73.5266,74.0093,29.5821
4230,74.4216,70.1878,69.5671,33.6536
4260,74.0693,72.2188,72.7351,33.5099
4290,72.4724,79.4833,71.3502,34.1713
4320,74.3331,72.9804,72.1257,36.4457
4350,73.4101,76.9585,75.1969,30.9835
4380,71.988,85.5332,74.8775,31.9244
4410,73.9838,83.374,71.8113,33.2294
4440,76.3608,72.5605,74.2807,35.5164
4470,76.7452,78.6151,73.8485,34.2802
4500,74.5887,83.1542,71.2939,32.4767
4530,74.5376,77.9018,74.06,35.6674
4560,72.4706,81.7305,69.9292,37.344
4590,72.4358,82.4055,72.555,34.8386
4620,74.7847,75.1252,68.2806,37.2724
4650,74.6316,88.801,75.7287,34.839
4680,72.807,74.6142,70.6143,33.3571
4710,76.7742,78.056,70.9984,33.1262
4740,73.3892,75.944,70.275,32.5953
4770,75.894,80.074,70.1749,37.8298
4800,74.1431,78.3633,75.1694,35.56
4830,73.7376,75.392,72.6348,36.241
4860,75.9838,77.6416,72.7409,31.8758
4890,76.4057,78.199,72.7203,33.2532
4920,73.6585,74.8754,71.7188,35.629
4950,74.9736,76.968,69.6726,35.8978
4980,76.1375,77.8408,73.1658,32.75
5010,79.3998,78.7529,71.7306,32.084
5040,76.9037,74.9788,73.7438,36.2503
5070,78.0274,81.5827,73.3464,33.0854
5100,79.4172,79.7198,70.5964,33.7098
5130,81.0179,78.437,69.8469,31.0785
5160,80.4113,78.6327,67.7818,35.6133
5190,79.7507,79.0481,73.6352,32.5964
5220,78.7795,75.8046,70.4015,34.0426
5250,79.6987,78.4724,70.6272,35.0743
5280,77.1061,76.303,72.7473,38.5827
5310,79.3646,78.5834,69.0547,32.8075
5340,78.5896,78.1262,69.7237,34.4284
5370,79.7189,79.7672,70.3594,35.7413
5400,78.3985,82.0047,67.6287,33.3198
5430,82.1946,79.9384,69.7101,32.9078
5460,77.4042,72.4204,71.312,33.5315
5490,77.0567,73.713,68.2883,35.8375
5520,80.6762,78.3169,67.85,34.765
5550,81.7058,76.4764,68.1631,35.8347
5580,79.7959,77.5294,68.1706,35.39
5610,79.1719,76.7275,70.0364,34.6827
5640,81.7594,78.4881,70.4483,33.7476
5670,82.007,76.5744,71.7024,34.8304
5700,81.9049,81.6643,69.5633,36.3673
5730,81.9678,78.3573,69.0239,35.3484
5760,82.259,76.4339,71.6631,36.9842
5790,82.3141,73.8766,72.1433,37.443
5820,80.0959,78.3632,71.5301,36.7877
5850,78.8693,77.1383,71.4121,34.901
5880,63.7218,60.4512,56.8774,37.0459
5910,63.4652,64.4819,56.6268,36.8963
5940,63.0109,64.4665,50.5155,37.385
5970,62.6282,56.7236,52.9273,36.766
6000,65.0564,63.5267,52.2748,36.7587
6030,63.0983,64.3941,50.5528,36.608
6060,65.3063,62.4572,50.3976,34.14
6090,64.7515,57.5616,52.4295,36.3477
6120,62.4459,58.7012,54.6786,34.6096
6150,65.4382,60.7833,50.0235,36.4953
6180,62.4742,63.1667,51.2169,37.7209
6210,63.7318,61.4079,50.9656,33.5843
6240,63.1919,57.1011,49.5737,34.0497
6270,65.1422,57.8838,49.783,35.9591
6300,58.1021,50.2915,45.6607,35.0752
6330,61.1802,70.717,73.1091,56.919
6360,63.6349,87.6823,74.0118,53.871
6390,64.3312,87.691,71.1924,56.7417
6420,67.7179,90.5986,73.809,54.666
6450,65.3403,91.1359,72.1434,55.1378
6480,66.2255,88.7083,71.3217,55.0099
6510,68.7138,88.8362,73.935,57.4732
6540,69.4031,86.6543,75.039,53.9912
6570,68.9507,88.413,73.8007,55.8595
6600,70.3876,92.8411,73.934,54.8846
6630,69.9218,90.7543,72.6284,55.0475
6660,69.0116,89.5861,73.4651,55.8264
6690,69.5011,90.6088,73.7721,55.6924
6720,69.4898,87.7529,72.6556,56.7775
6750,70.1707,87.9616,73.91,57.9637
6780,69.6638,84.3766,70.5971,53.6057
6810,70.5739,89.8793,75.0958,54.9893
6840,70.9611,92.244,72.7375,53.9499
6870,71.0444,87.3078,72.989,53.9737
6900,71.1131,88.6779,72.293,54.6905
6930,71.771,87.6037,75.1006,55.2049
6960,71.1946,88.6043,72.2315,55.5071
6990,70.8427,89.9692,74.2887,56.043
7020,72.4363,90.7292,73.0975,54.2626
7050,70.3538,88.9552,73.1066,56.4221
7080,70.4634,89.0661,74.9164,53.713
7110,70.3689,92.0725,72.3397,55.96
7140,70.0228,92.4538,71.9379,54.609
7170,69.1441,93.3649,72.5978,56.8358
7200,72.3125,94.1735,73.3199,54.0028
7230,71.9849,90.5015,74.5287,56.246
7260,71.0025,90.5318,75.0414,56.7605
7290,69.9676,91.423,74.4106,55.9366
7320,70.5624,93.4372,74.0899,56.3821
7350,69.8994,94.6252,73.4795,55.4835
7380,70.8307,92.8961,74.5805,55.5304
7410,70.3453,89.7665,73.5062,54.6759
7440,68.9678,89.1648,73.0144,56.4011
7470,70.0741,90.3897,73.8174,56.5114
7500,70.819,92.6374,74.5095,56.2533
7530,69.0392,92.7422,73.3109,55.1981
7560,70.2968,90.1467,72.6356,55.7276
7590,69.4615,94.088,72.2267,55.813
7620,70.7744,89.1326,72.3733,56.5499
7650,69.6188,93.6855,72.243,54.2943
7680,72.4114,96.2028,73.9014,54.1238
