Time,FC,PAS,PAM,PAD
-1,63,133,70,62
0,69.3,146.3,77,62
30,67.7442,146.936,77.3534,62
60,69.7346,146.285,77.7458,62
90,69.2389,149.361,78.3005,62
120,69.8733,143.844,75.6643,62
150,76.1712,143.585,83.8692,62
180,76.0014,147.343,85.1056,62
210,68.9333,145.184,77.0385,62
240,69.2752,143.692,77.153,62
270,70.0951,143.612,77.1356,62
300,69.7485,144.324,75.3075,62
330,68.0852,149.205,75.9521,62
360,67.7836,145.421,75.3855,62
390,69.3269,145.558,75.8448,62
420,67.7136,148.78,75.2244,62
450,68.3722,148.615,76.6364,60.9337
480,68.551,149.698,80.7778,63.29
510,66.7198,147.033,79.8941,62.7774
540,67.1015,143.791,75.6483,61.8838
570,67.7629,149.525,78.1924,60.9567
600,69.9968,147.766,74.5558,62.4169
630,67.0899,144.474,75.0839,62.2469
660,70.0811,143.565,76.1256,62.9249
690,70.7654,142.435,76.579,62.8831
720,69.9775,151.938,76.6866,62.9601
750,70.2852,147.025,79.3988,60.317
780,69.633,146.824,80.2921,62.9213
810,68.0126,143.791,79.6025,61.0389
840,70.6482,148.601,75.5703,63.1031
870,70.3487,116.031,62.2058,47.6714
900,63.9863,115.636,58.5614,49.949
930,68.8751,120.398,61.1575,48.3164
960,68.1814,115.842,64.2523,51.8529
990,64.3084,113.46,61.8281,49.3892
1020,64.2747,116.647,63.4096,47.9297
1050,67.3409,115.83,60.4691,46.5399
1080,65.0479,114.21,62.3468,46.2287
1110,62.077,114.498,62.4854,49.9893
1140,64.6869,147.132,65.5328,48.6598
1170,64.8847,143.669,62.0795,45.6583
1200,62.5416,148.666,65.1675,60.7324
1230,61.1908,145.425,62.7204,61.4958
1260,63.8183,149.183,77.7802,62.4371
1290,63.456,149.763,79.0075,63.1988
1320,61.4352,150.12,79.2799,59.3333
1350,62.2545,146.499,78.4102,61.1436
1380,61.2009,146.929,79.8439,61.5761
1410,61.5477,140.919,73.9621,60.435
1440,59.4777,102.087,52.3099,43.6668
1470,54.3936,100.84,36.8496,39.9001
1500,53.9807,104.055,38.4665,40.2136
1530,52.3798,105.583,33.4111,44.0004
1560,52.1141,102.196,36.7897,42.2528
1590,52.5713,98.8276,34.9844,46.7845
1620,54.1253,108.23,36.2478,43.4738
1650,51.7679,109.02,37.2985,40.5636
1680,56.8114,98.705,45.9475,44.2466
1710,57.6971,104.085,49.5368,47.4717
1740,57.3886,105.838,52.6385,43.0686
1770,56.1255,96.631,49.0973,43.9799
1800,57.0664,101.36,49.4767,43.4884
1830,57.8334,103.528,47.4395,45.1903
1860,57.5362,101.216,49.3305,46.7059
1890,56.992,101.291,52.1505,44.6339
1920,56.0366,99.5702,52.7176,43.4443
1950,58.6671,99.2061,49.572,43.3501
1980,56.8538,103.088,51.486,42.853
2010,56.9766,97.6645,49.4457,43.6308
2040,56.772,101.086,51.2755,42.6878
2070,55.7003,68.9975,36.1699,29.3274
2100,50.7567,72.8159,33.7464,31.2083
2130,53.5863,69.9959,34.9461,30.7131
2160,52.4367,75.3096,30.8797,30.0991
2190,56.1697,71.484,37.4962,30.4741
2220,56.0732,75.3824,33.185,32.6615
2250,54.7845,76.3158,39.148,32.4517
2280,53.7852,75.6928,40.3759,26.4777
2310,54.6942,78.0202,38.0309,31.5511
2340,52.951,74.2262,33.3701,32.0689
2370,50.987,82.9782,34.3889,32.69
2400,53.331,76.1052,38.5728,34.1866
2430,65.9283,86.5684,49.8205,30.9311
2460,64.2648,96.429,47.8568,30.9052
2490,54.049,72.4368,37.1732,30.6802
2520,55.2481,74.6792,36.3758,28.9961
2550,54.3088,74.3374,36.8009,33.4596
2580,54.4835,69.9312,39.7887,28.4899
2610,56.4692,74.4501,32.7451,33.6369
2640,52.4188,77.7673,43.6652,31.231
2670,54.2862,79.6814,34.9987,32.9923
2700,52.7276,75.8345,39.132,35.5902
2730,54.0343,71.0612,38.3316,30.6188
2760,53.8004,76.3442,38.928,29.9659
2790,53.5416,79.3972,32.7072,34.5414
2820,52.4779,74.2458,35.2579,27.7982
2850,53.9017,71.9475,33.7475,32.9533
2880,53.271,74.3049,40.5726,31.998
2910,54.2003,74.6972,36.1408,34.8795
2940,53.4888,67.145,34.6364,32.0218
2970,51.7431,72.656,37.3307,31.4217
3000,54.1,70.929,37.9137,33.7553
3030,56.7508,75.711,33.7288,30.2939
3060,63.7493,91.0033,45.783,28.0884
3090,64.9667,90.4374,44.1923,30.0813
3120,65.4747,82.5376,39.4658,32.296
3150,62.7269,88.2226,44.6595,27.6683
3180,61.9397,93.3388,39.4623,31.1333
3210,63.7248,95.9769,39.6802,26.4067
3240,64.1853,89.8274,46.1561,29.4768
3270,62.5084,90.8103,46.4456,32.3946
3300,63.3146,90.6863,42.7818,26.5926
3330,64.069,88.4236,45.863,29.986
3360,65.4435,91.4267,42.8885,29.6312
3390,68.3804,100.748,47.1508,30.8598
3420,67.2253,97.5803,43.9291,32.8141
3450,71.0635,96.8178,44.3183,31.0285
3480,69.5941,103.419,50.2642,31.8865
3510,73.1881,101.011,46.8318,29.8774
3540,71.1146,93.5165,43.6549,31.7864
3570,74.9527,105.669,48.9357,30.3462
3600,74.3051,98.2811,46.7128,31.8302
3630,75.4857,105.062,49.0415,30.8875
3660,76.8347,100.073,48.8252,32.7742
3690,75.244,106.446,49.2333,29.5691
3720,79.6947,108.094,53.6931,31.6002
3750,77.7956,102.039,52.55,31.007
3780,77.2849,94.6172,50.0364,30.3057
3810,80.9652,96.1938,48.7833,30.3773
3840,79.2554,100.389,52.397,29.9323
3870,78.906,106.94,50.8205,28.4196
3900,80.4443,104.389,46.8488,30.4515
3930,78.3042,102.844,49.8319,30.3784
3960,77.2243,98.2687,47.2446,32.7149
3990,78.0266,107.827,50.618,33.3772
4020,76.4134,100.633,51.443,34.6462
4050,77.7858,103.989,53.0331,30.5958
4080,73.2925,102.725,51.3292,33.2294
4110,74.296,101.074,50.3742,25.186
4140,73.7213,101.409,45.0243,36.1965
4170,72.2984,108.242,52.056,34.3491
4200,71.8954,99.2389,51.8795,29.1294
4230,73.0482,107.33,51.3038,35.2473
4260,70.3102,105.549,50.462,28.8579
4290,69.183,103.869,52.2745,30.0464
4320,70.968,105.478,46.9335,36.8018
4350,70.6248,101.391,45.1653,34.0265
4380,71.4337,98.5836,51.9334,35.6572
4410,71.8086,100.109,52.6352,32.8671
4440,72.8711,106.358,53.0672,30.5074
4470,71.1801,100.83,46.5952,36.969
4500,73.2353,103.613,45.5492,33.4356
4530,72.1538,99.6418,47.2476,30.9482
4560,68.3307,105.075,53.792,33.898
4590,72.7741,101.312,50.8192,34.1316
4620,70.1826,103.77,57.1676,32.7834
4650,72.8349,105.224,47.4233,33.5262
4680,69.9923,103.399,45.6419,29.9504
4710,72.7231,104.142,44.2529,31.4712
4740,71.858,103.281,51.289,31.9115
4770,69.9106,97.257,48.4881,35.0868
4800,73.3989,107.199,49.8993,34.339
4830,73.018,102.281,49.3816,34.0176
4860,74.5973,96.5995,50.2283,32.1544
4890,72.6397,97.9191,50.2073,35.8016
4920,74.5806,106.747,47.2291,33.2301
4950,71.541,102.171,51.65,33.784
4980,74.1748,101.946,52.2466,30.0924
5010,73.8822,103.13,49.9238,32.6727
5040,75.1647,108.12,52.8282,32.9035
5070,75.1833,106.733,53.7283,30.6601
5100,74.1429,106.4,49.0177,29.1529
5130,77.3251,101.616,52.0475,30.871
5160,74.525,105.328,55.089,34.705
5190,78.7754,104.26,55.5183,30.9805
5220,77.4871,104.998,50.8513,28.5523
5250,77.1869,102.157,53.7692,30.791
5280,77.5983,105.01,51.4211,32.8118
5310,75.1151,102.948,58.4337,33.2722
5340,79.4491,103.389,51.2561,31.4197
5370,78.5013,106.205,54.1549,38.8994
5400,76.8634,107.515,54.1408,35.5989
5430,79.6996,106.262,54.8324,35.9875
5460,77.2568,104.922,52.646,33.0636
5490,76.7266,103.376,51.4356,32.4726
5520,75.8668,107.574,53.0857,31.0569
5550,76.1739,102.273,51.5232,32.3469
5580,77.9798,99.701,54.0164,33.5573
5610,77.7649,107.125,51.9814,31.858
5640,77.0397,103.179,53.3752,32.1966
5670,77.7587,95.719,53.6578,34.121
5700,78.4369,105.49,52.0882,32.8581
5730,77.4077,101.841,51.0969,31.382
5760,76.3719,104.409,54.3933,31.529
5790,75.7118,103.854,49.8396,30.6617
5820,76.2954,105.491,54.7851,31.255
5850,79.6953,99.2128,53.4803,32.3818
5880,78.1555,101.986,53.1132,32.3478
5910,77.3519,100.817,52.5466,35.3628
5940,77.9398,103.368,51.9597,32.8095
5970,77.391,102.659,55.1496,33.3262
6000,79.1227,100.251,52.3782,34.4158
6030,78.9294,104.66,52.4699,30.4097
6060,77.6973,100.876,51.4685,31.6606
6090,77.0083,101.623,54.7188,31.3631
6120,77.5609,101.936,51.9342,33.9997
6150,77.3451,101.77,52.3815,30.1215
6180,79.5492,101.485,55.1598,30.9934
6210,76.5568,99.0285,53.1713,31.7612
6240,77.1345,99.7005,56.3556,30.8889
6270,77.2923,102.221,54.8377,33.3945
6300,76.8785,100.26,54.1677,30.1839
6330,79.0943,102.408,53.7529,31.8555
6360,78.3316,100.404,55.0441,30.5654
6390,77.825,97.3146,53.9985,30.2913
6420,79.3661,100.503,52.135,30.0735
6450,77.6075,101.094,54.7518,33.446
6480,76.4952,97.3217,55.0477,32.1371
6510,77.288,99.0978,53.6359,31.2709
6540,79.9127,97.4688,53.5666,30.5197
6570,80.8572,101.574,50.8934,29.5945
6600,79.2649,99.5806,54.0367,31.4895
6630,81.5281,105.907,56.4116,30.7707
6660,81.6597,98.1536,52.0518,32.1049
6690,83.5052,98.9865,52.376,33.0779
6720,82.2782,104.544,52.8081,28.9824
6750,83.6948,101.4,54.7654,33.0337
6780,83.8755,100.672,55.9202,32.8962
6810,84.765,96.8925,53.2401,30.7814
6840,87.1405,100.75,56.9485,34.5974
6870,84.9006,101.714,54.532,31.2584
6900,85.0754,100.509,57.1446,30.5393
6930,86.0877,99.1736,54.5305,31.8006
6960,86.5169,102.203,55.6738,29.0317
6990,84.7881,101.067,53.5436,35.4697
7020,70.3551,77.343,45.1149,30.0051
7050,69.9628,82.2406,42.7456,33.5133
7080,69.4885,77.7906,45.2936,32.3377
7110,68.8617,81.4198,43.4167,31.7852
7140,68.5315,80.7144,43.9801,32.1217
7170,68.7328,80.3399,45.3861,31.9794
7200,70.0691,72.4001,43.8293,31.6612
7230,68.8064,79.2753,45.0847,30.5752
7260,69.4358,76.3931,44.7079,29.165
7290,70.0687,73.4889,43.6163,30.9312
7320,69.6607,74.3514,44.519,29.3057
7350,70.4805,73.0757,44.6715,30.0622
7380,69.9285,76.1592,42.7595,29.2544
7410,68.1505,74.9498,44.9818,31.7138
7440,67.7827,76.6956,43.9316,31.1102
7470,70.5432,74.0573,42.9085,29.838
7500,60.939,66.14,36.9375,29.9993
7530,65.6956,109.507,61.8925,48.9349
7560,68.8951,109.126,61.0509,50.5976
7590,67.9167,108.167,59.5908,48.7846
7620,65.9283,108.961,60.8441,48.1652
7650,68.9261,108.311,62.7318,47.4384
7680,66.3304,109.477,61.3668,47.6336
7710,68.704,111.641,60.2619,50.8382
7740,67.1794,108.453,59.7731,47.7259
7770,65.94,111.624,61.3481,50.7915
7800,67.5894,107.156,62.2572,47.744
7830,67.6258,106.389,61.2125,49.274
7860,67.6414,106.68,62.1467,49.0014
7890,67.4292,110.609,61.1214,49.5174
7920,67.1966,107.281,61.8511,48.2114
7950,66.5086,106.758,59.8569,49.4326
7980,67.5595,108.79,61.8586,49.2093
8010,67.3906,108.281,60.8328,50.963
8040,67.6933,108.119,59.5054,47.5225
8070,67.144,110.305,61.4873,50.7326
8100,68.6073,108.876,60.559,48.3724
8130,66.8415,111.645,62.609,49.8473
8160,66.5109,110.026,62.7823,48.6407
8190,68.4893,107.491,62.7973,48.3869
8220,68.1917,110.299,62.3079,47.8342
8250,66.3068,108.189,59.5979,49.8023
8280,68.2075,108.057,62.0294,47.5609
8310,66.1775,108.713,59.081,50.7319
8340,68.9646,108.804,59.913,48.0993
8370,67.411,107.328,62.6673,49.7097
8400,68.8258,111.404,59.1395,49.887
8430,66.493,106.513,59.061,50.6132
8460,68.5053,111.211,59.239,50.7642
8490,66.7914,107.686,61.4132,47.1432
8520,67.8733,108.61,59.3406,49.8624
8550,68.8071,107.107,61.4417,50.4279
8580,67.9732,111.191,59.3209,47.5997
8610,66.2707,106.585,62.0135,47.2588
8640,65.9573,110.91,61.8457,47.9664
8670,68.8666,110.568,59.3746,49.9544
8700,68.1968,107.375,61.5692,47.1305
8730,67.4704,107.969,58.8991,47.5517
8760,68.3675,106.854,62.121,49.7206
8790,66.821,108.777,60.9843,50.743
8820,67.1269,109.73,59.1316,49.0885
8850,68.2115,110.899,61.0265,50.0022
8880,67.9821,111.5,64.5017,49.6107
