Time,FC,PAS,PAM,PAD
-1,71,100,90,78
0,78.1,110,99,78
30,77.1989,109.395,101.021,78
60,78.4603,109.002,100.889,78
90,79.6622,109.567,97.2806,78
120,76.706,110.226,96.8697,78
150,85.1876,110.043,107.515,78
180,86.851,107.332,108.015,78
210,77.5133,112.034,100.053,78
240,79.117,110.629,98.7046,78
270,76.1686,109.173,100.863,78
300,78.7523,111.424,101.203,78
330,76.8551,107.793,100.972,78
360,78.6426,112.569,96.7177,78
390,78.0057,108.906,100.022,78
420,77.3775,107.644,96.7699,78
450,80.852,112.28,96.951,78.776
480,77.6595,113.173,96.8359,79.4166
510,79.2356,108.134,101.512,78.3639
540,80.2914,106.161,97.6155,78.0847
570,77.3721,107.593,98.963,76.5692
600,76.4719,113.853,98.9775,79.28
630,80.1561,111.598,99.5408,76.7467
660,76.8996,109.198,98.5561,77.4102
690,76.7345,114.209,97.2751,77.3154
720,80.5944,107.735,95.1887,76.7298
750,78.7314,106.295,99.6379,79.0132
780,78.7565,112.498,96.7832,77.3902
810,78.3574,85.3278,82.2005,60.6404
840,75.9545,81.3284,78.1048,63.047
870,75.4583,89.7903,82.096,62.4304
900,76.0562,90.4005,80.3386,63.0905
930,73.6096,86.9186,78.7777,59.6486
960,74.2962,86.9329,76.9532,63.3747
990,72.3905,81.0859,79.1894,63.5597
1020,71.3983,91.7613,82.2747,61.5896
1050,72.4305,86.5052,74.99,62.9995
1080,72.8162,105.048,79.7023,59.0665
1110,69.4602,109.296,77.4794,61.4509
1140,71.5779,106.514,98.4618,59.0533
1170,70.6221,108.393,99.9969,60.3393
1200,68.4223,107.969,95.7511,73.9894
1230,69.6974,110.515,99.6384,80.5397
1260,71.4748,113.078,97.7599,77.445
1290,67.8519,111.644,103.567,78.4433
1320,71.7719,112.826,101.613,79.6219
1350,73.4428,105.858,98.698,78.275
1380,62.8618,89.7896,89.9366,56.8779
1410,56.0199,80.2279,40.9009,53.6462
1440,56.2851,81.6237,43.7959,54.9053
1470,58.1467,81.1743,44.0113,53.8223
1500,57.2666,78.237,47.0894,57.5822
1530,59.0949,78.8435,40.9328,54.0296
1560,59.4731,78.7927,44.9671,54.1254
1590,57.073,79.2393,43.874,56
1620,62.2169,78.4849,64.3454,58.6299
1650,62.5022,78.1956,64.5501,54.0552
1680,61.6496,73.6855,66.7175,53.3105
1710,60.4063,76.9711,67.0012,54.7394
1740,62.6185,77.1539,64.8059,54.1976
1770,62.0675,80.5369,66.9161,54.1309
1800,62.431,78.5157,63.0925,56.2905
1830,62.4964,77.2299,67.6604,55.8034
1860,62.3609,80.2355,64.4931,52.6531
1890,61.3335,81.6065,67.4349,54.1008
1920,61.0853,79.301,69.9871,54.4489
1950,61.5203,76.9493,64.4973,53.457
1980,59.9101,74.9919,66.1432,56.8991
2010,58.0625,66.0531,59.0311,37.9075
2040,56.2726,52.1512,47.5775,41.1635
2070,57.1729,56.1611,46.2104,37.3389
2100,59.2461,56.9393,43.3759,37.3068
2130,53.2337,63.5826,45.3372,38.4346
2160,60.0993,63.2014,49.2605,36.1122
2190,74.5122,70.7464,65.5664,40.0263
2220,73.8311,69.5307,57.3883,34.9967
2250,70.7251,74.5535,60.8398,37.6285
2280,71.7296,71.6757,63.1836,38.2105
2310,69.9891,74.2123,60.6634,40.2086
2340,61.5601,67.222,57.6715,37.9645
2370,61.545,68.1522,62.3021,36.9487
2400,60.199,66.42,58.4865,38.6557
2430,60.638,68.2643,55.9441,36.6436
2460,62.6635,64.9669,59.5739,40.2776
2490,62.0815,67.3212,57.5585,36.0728
2520,61.5969,68.587,58.0532,40.6211
2550,60.9468,68.8287,55.0058,35.7572
2580,60.6293,71.1356,54.891,34.6173
2610,60.2994,62.8728,58.8391,34.3068
2640,58.6841,66.8601,56.6532,41.0724
2670,59.3804,70.644,62.0814,40.1498
2700,72.9099,72.1297,68.6162,37.9892
2730,71.4306,77.8427,68.1014,37.8894
2760,72.957,79.5961,67.8943,39.5227
2790,69.8819,75.3906,63.7685,36.0165
2820,69.0385,73.3192,64.121,36.502
2850,69.7341,75.8843,67.6222,39.2049
2880,70.9818,74.1662,65.2983,36.7744
2910,68.4564,74.4462,64.5689,38.0786
2940,70.2383,74.2215,67.8461,37.9664
2970,73.4558,72.3767,67.4537,40.8399
3000,67.8453,80.1809,67.8018,36.0771
3030,72.3235,77.4279,69.459,36.7186
3060,75.7308,73.6607,75.2592,37.3109
3090,73.3504,75.2472,72.15,37.4398
3120,76.6933,82.1553,73.8444,37.3448
3150,70.2452,81.6234,70.5443,39.7788
3180,75.5397,81.6074,68.0115,36.6008
3210,75.1764,77.1332,73.2191,35.6769
3240,70.9775,79.895,62.9139,41.2377
3270,73.0385,80.0439,63.2484,39.898
3300,69.2373,73.4737,64.1516,38.41
3330,70.9922,79.8085,67.413,41.6681
3360,71.2665,74.9308,64.1071,37.7261
3390,71.77,86.4618,66.1453,35.5633
3420,69.8647,78.6256,62.7519,36.9523
3450,73.5824,75.8117,65.72,35.7729
3480,70.0304,85.2066,69.8211,38.6507
3510,73.0287,79.7387,66.7062,35.7213
3540,75.1251,82.832,64.6458,37.3078
3570,70.3365,82.3161,64.0465,35.3911
3600,70.0872,81.9761,67.4734,36.3491
3630,70.4275,80.2316,66.2295,38.1735
3660,70.0251,79.5276,68.264,40.4376
3690,69.618,83.2242,63.9152,35.6973
3720,70.2332,86.5039,67.3717,40.8884
3750,66.162,78.21,67.2941,36.1348
3780,69.4561,82.0125,65.846,34.2853
3810,68.8961,77.5716,64.1629,38.6394
3840,65.6721,79.8662,62.5956,37.0216
3870,65.587,79.9664,61.8313,41.9188
3900,68.041,82.9893,61.6816,38.3717
3930,69.7534,84.4485,63.5082,35.4381
3960,67.7435,75.0906,64.788,33.3397
3990,73.2495,78.5636,65.9973,34.5701
4020,71.4943,85.3894,63.6992,38.5828
4050,70.6788,74.1557,69.6487,36.0595
4080,75.909,82.3453,66.9806,37.4374
4110,75.3293,76.8826,61.7866,38.6794
4140,73.2201,83.8835,61.8001,38.7691
4170,74.4582,77.8998,66.8842,37.4278
4200,71.3663,83.1478,73.3303,38.0364
4230,72.3192,73.0065,67.7429,38.4346
4260,73.0056,77.4565,70.9664,36.0515
4290,70.1613,75.841,71.5802,37.5632
4320,72.0188,83.1154,72.9859,38.9499
4350,73.5583,81.1596,68.7102,36.8464
4380,73.7085,77.8952,64.45,33.6121
4410,71.6642,78.7,68.7788,39.8353
4440,71.3079,78.9977,72.9939,36.7894
4470,74.715,82.0636,65.9073,36.5428
4500,75.5852,77.6491,71.1555,36.625
4530,72.4067,78.9159,69.511,35.6159
4560,75.8725,75.7474,72.3565,37.7105
4590,77.0187,79.8681,67.2122,34.8383
4620,75.9539,76.9767,66.4995,40.7874
4650,72.7291,82.6731,71.4347,37.6007
4680,76.2166,77.4286,72.7421,39.7158
4710,73.4406,81.8368,64.0662,36.7874
4740,76.0046,83.77,65.733,41.9855
4770,75.7075,81.6114,68.8226,38.38
4800,76.0528,89.273,74.6662,35.5305
4830,71.1599,76.0767,67.1546,36.9983
4860,73.6862,76.9104,70.2699,39.3742
4890,74.7846,78.387,69.3653,38.0999
4920,73.5614,76.4407,71.3757,35.5773
4950,76.4935,80.2301,65.109,38.1802
4980,73.9078,74.8439,70.9545,36.6495
5010,74.8075,83.4877,66.5301,35.8952
5040,71.9468,83.0714,67.7222,40.5201
5070,71.4123,79.8227,73.2263,36.1745
5100,74.4635,76.8738,67.5748,39.9965
5130,77.8398,78.3628,67.7281,37.8801
5160,75.9397,82.3558,66.4039,40.4589
5190,78.2559,81.3259,69.0325,38.1966
5220,75.7754,84.3911,69.8025,40.3992
5250,79.033,83.2837,71.785,37.6295
5280,79.1443,79.3888,71.1323,37.4312
5310,79.1374,79.2523,70.8464,38.3781
5340,77.3525,86.651,70.8404,38.7539
5370,80.9684,81.6851,70.6444,41.2595
5400,79.7671,85.5027,69.3799,37.1261
5430,80.3908,80.7137,65.3407,39.6322
5460,80.8366,85.5295,69.0654,38.7464
5490,80.6856,82.5354,69.5425,36.5591
5520,80.8995,87.2042,69.7976,37.022
5550,81.0641,83.4525,70.8125,37.1124
5580,79.3965,75.4601,69.4227,40.4058
5610,81.207,84.7971,74.1099,37.2369
5640,78.1372,81.2401,71.7422,37.7954
5670,79.092,83.5179,71.3815,35.2275
5700,77.717,85.4044,70.3702,35.3473
5730,79.9702,82.5701,69.1417,36.5865
5760,80.0861,79.5708,71.9538,39.0679
5790,80.9921,79.5687,70.7729,39.4485
5820,78.0044,81.5905,69.8604,35.9792
5850,80.4178,88.0566,66.9751,38.005
5880,80.9278,81.8586,69.7344,39.1493
5910,78.6356,85.6706,67.7679,40.8046
5940,80.2897,87.6955,70.3629,40.0859
5970,78.5193,85.0871,67.1194,38.6061
6000,78.1855,86.0771,72.8926,37.4159
6030,78.1174,84.9792,69.075,40.2377
6060,81.0704,85.6251,69.9258,37.7435
6090,81.1864,80.4459,65.7505,38.1496
6120,61.953,68.0153,53.5853,36.7331
6150,65.1812,69.2028,55.2633,38.6599
6180,62.5444,66.0788,53.4378,39.6793
6210,64.5885,63.7013,56.084,38.4848
6240,62.6447,67.8199,54.2543,40.5793
6270,64.1678,64.3799,56.6329,40.5446
6300,62.3143,62.9453,53.1784,40.501
6330,63.1916,67.8957,55.5221,39.831
6360,63.151,65.6678,54.8004,37.7338
6390,61.0847,63.1674,53.8615,40.4271
6420,61.5481,60.0296,52.2988,38.2539
6450,61.4754,63.9568,56.2893,37.6765
6480,63.0984,64.3741,53.4485,38.1589
6510,61.6381,66.6485,50.8798,39.1054
6540,60.8226,62.9066,56.0324,37.7734
6570,63.6357,64.6532,53.6735,38.9827
6600,58.5709,59.8846,45.8298,39.8547
6630,63.0026,78.0172,64.6039,61.6754
6660,63.052,93.1797,80.7453,63.5972
6690,63.9524,90.0302,78.5966,63.2496
6720,66.3642,94.7032,77.2488,63.9444
6750,68.3075,93.6844,75.1891,63.142
6780,67.2483,90.8018,79.8831,64.1972
6810,69.8203,92.1242,81.1258,64.3162
6840,66.8472,94.2095,76.5725,63.0811
6870,68.7594,90.0698,77.344,62.7723
6900,69.1577,93.2541,79.8312,64.0858
6930,69.0888,94.0777,78.0435,61.6596
6960,68.9463,93.7659,75.6843,62.7566
6990,69.1633,94.7973,78.8025,64.0019
7020,71.5643,90.7954,77.794,63.0608
7050,68.9805,91.1189,78.6421,62.4675
7080,67.9361,89.9292,78.3586,62.2309
7110,71.0972,91.2453,75.9158,63.4424
7140,70.4272,90.2644,76.1647,64.4279
7170,69.1274,92.7231,77.9832,63.5489
7200,70.485,90.8389,74.8262,63.3329
7230,68.8803,90.7166,76.7935,61.7294
7260,69.8746,90.7215,77.795,63.7247
7290,70.115,93.0994,75.3611,63.0427
7320,70.984,89.6055,78.4011,63.1174
7350,69.3911,90.3735,75.822,61.1982
7380,69.2353,92.7667,78.843,63.307
7410,68.8422,93.5996,76.1932,64.125
7440,68.0733,91.523,76.948,62.112
7470,70.4069,89.6337,76.6054,61.5911
7500,69.0285,90.4809,78.4539,63.9692
7530,71.3876,89.7281,76.3888,63.3636
7560,68.2813,90.9816,75.7232,62.7215
7590,69.76,92.1991,76.7036,63.8435
7620,68.4589,91.9544,76.5626,62.4067
7650,68.8893,93.7556,75.7868,62.1196
7680,68.6879,93.7285,77.0946,63.9279
7710,71.228,89.5804,78.7087,61.5699
7740,68.8135,94.0322,78.7338,61.5228
7770,71.5193,91.4093,77.9157,61.1832
7800,70.5177,89.5018,76.6849,61.5878
7830,70.0128,94.5689,78.5987,63.3995
7860,70.2361,94.4508,77.3697,63.413
