Time,FC,PAS,PAM,PAD
-1,85,128,101,71
0,93.5,140.8,111.1,71
30,91.2632,138.44,110.977,71
60,92.0372,140.989,113.711,71
90,93.4734,137.384,111.031,71
120,94.8737,141.378,111.368,71
150,103.496,138.095,124.436,71
180,103.853,138.276,120.994,71
210,105.151,137.726,123.041,71
240,105.127,143.183,124.501,71
270,91.1825,140,112.41,71
300,95.4272,142.256,108.47,71
330,94.5312,140.892,108.596,71
360,91.612,141.479,110.298,71
390,94.4873,139.057,113.169,71
420,92.9989,138.335,112.043,71
450,91.4535,141.067,109.765,69.5476
480,90.1971,142.8,113.998,70.4738
510,92.1909,143.137,114.631,68.9945
540,92.7325,142.103,110.097,72.3626
570,95.5886,140.538,110.5,69.3015
600,92.7991,138.605,110.634,72.1144
630,94.8807,140.558,106.83,70.6228
660,93.3227,138.16,110.95,70.9238
690,91.5068,141.615,108.71,72.5827
720,91.0121,141.74,111.502,70.885
750,89.4297,110.593,92.6955,57.3682
780,91.4855,115.966,89.8728,57.2725
810,89.0269,114.386,86.2005,56.0915
840,89.6713,111.792,89.5015,56.2225
870,86.9575,110.313,91.8893,58.0382
900,85.7502,113.588,90.1402,56.6821
930,87.2007,113.373,91.405,59.8699
960,88.8759,112.643,91.0304,57.3457
990,86.34,110.908,87.094,57.1877
1020,84.9302,117.129,88.8594,57.7803
1050,84.9097,112.866,92.4278,56.8931
1080,83.1214,143.937,113.296,68.7757
1110,81.6758,139.708,109.224,67.5793
1140,82.4745,137.774,109.643,69.1378
1170,85.7247,136.772,108.419,70.2874
1200,80.1504,113.744,97.0098,60.5259
1230,70.3324,101.864,51.0709,45.1895
1260,72.8881,98.469,48.9359,49.9707
1290,75.458,98.1279,51.903,51.4311
1320,71.1569,105.175,50.5854,48.7959
1350,72.4967,96.589,51.5962,50.2261
1380,73.4617,98.7858,52.7931,50.0264
1410,72.865,98.8826,49.1678,52.1166
1440,74.93,94.8393,73.5604,47.7028
1470,75.0914,91.4139,73.8883,50.5845
1500,77.3368,94.3949,75.2996,52.5422
1530,77.3275,97.1571,75.4701,49.3388
1560,78.0355,96.7211,74.267,48.7955
1590,76.3116,95.929,72.0873,50.3684
1620,80.0562,97.1835,73.7639,48.0339
1650,78.7563,93.8587,75.884,49.7613
1680,77.9979,91.8108,71.8828,49.7544
1710,77.2941,92.6978,71.6556,49.0729
1740,75.2093,92.288,74.1826,48.8016
1770,77.8224,95.7437,74.2897,49.5331
1800,76.9257,97.0276,75.2586,47.8322
1830,76.5336,92.34,74.4356,51.3023
1860,79.3889,94.781,76.3307,53.5921
1890,70.3345,80.2043,64.86,39.7091
1920,68.3418,65.724,51.3936,35.4196
1950,71.0457,65.8315,51.7214,32.1599
1980,75.881,67.6334,53.4634,34.6681
2010,76.1371,76.896,59.6681,35.56
2040,75.4951,72.0566,56.854,29.8644
2070,76.4815,68.5805,54.5798,31.9553
2100,72.4164,69.2696,58.4947,32.6266
2130,74.1482,69.3499,57.8681,34.8931
2160,85.5913,82.8668,71.5662,34.2164
2190,84.4518,81.8717,71.4279,30.6705
2220,72.7001,75.6972,64.14,35.5433
2250,74.2811,80.3927,65.5676,33.9846
2280,72.8113,73.2395,67.0933,30.0492
2310,73.2279,74.3508,65.5411,34.0794
2340,73.0356,76.0412,66.2606,33.3701
2370,74.8218,71.8872,71.0864,32.7992
2400,73.0103,73.8919,68.2219,33.8103
2430,73.9397,73.6664,67.4891,33.1161
2460,70.721,76.125,65.8848,29.6571
2490,75.7436,73.7203,68.3219,34.7459
2520,70.0352,72.5863,66.4105,29.5676
2550,70.4257,74.0875,65.7367,34.9119
2580,74.6502,72.139,65.8477,30.2894
2610,72.6032,74.6828,68.1828,35.5831
2640,75.2461,75.0893,63.8118,35.1918
2670,71.6079,77.0524,62.4746,36.5437
2700,74.295,73.215,67.2242,32.875
2730,85.584,88.1395,71.9948,29.4685
2760,85.834,88.643,72.278,36.4024
2790,83.9203,83.1116,72.3093,30.7102
2820,85.4508,89.1775,71.1249,31.1054
2850,86.7636,82.4853,74.923,32.5917
2880,86.7242,86.1407,73.678,29.506
2910,84.9396,86.6973,74.6349,36.9411
2940,85.3899,87.3405,73.6746,33.8952
2970,86.2277,86.7366,74.8912,37.795
3000,86.0921,90.8709,72.5648,37.2188
3030,83.789,84.5824,74.1004,32.1164
3060,91.5966,86.5606,74.0905,37.2493
3090,90.4366,88.0992,75.9649,33.0641
3120,87.6703,91.6192,78.7126,32.5101
3150,89.5321,85.2234,76.556,39.8787
3180,88.5727,93.221,81.9808,32.3275
3210,90.4748,90.8776,76.1768,34.8495
3240,94.0445,87.7225,75.0606,35.2664
3270,91.9388,94.6256,74.1382,30.1349
3300,93.2107,91.9349,76.6452,34.5904
3330,96.9848,95.6242,76.7661,36.9973
3360,97.054,97.2932,77.2401,35.7958
3390,96.8975,93.2291,75.9262,35.9633
3420,98.7544,94.4864,74.3555,40.7488
3450,99.334,94.0482,77.552,35.8734
3480,101.237,96.1277,73.3251,37.0706
3510,99.6381,95.8832,72.53,34.8554
3540,100.524,95.5717,76.3537,36.151
3570,102.887,90.0605,74.6622,35.2916
3600,100.466,88.7982,73.9308,40.6329
3630,99.3,90.6924,76.36,36.8544
3660,98.4585,88.8389,74.2565,33.0684
3690,98.2826,95.1641,75.2066,37.5209
3720,97.2123,94.2647,71.4203,37.8303
3750,97.468,94.6506,78.0737,36.7826
3780,93.4142,92.8599,77.0833,33.4513
3810,93.4803,91.9984,77.225,38.7687
3840,93.7683,94.4447,80.1017,31.1599
3870,90.6316,89.1565,78.4168,36.7044
3900,93.5613,98.4804,75.3855,35.44
3930,88.4413,93.8338,72.8353,34.2314
3960,91.269,93.9002,75.9697,35.6422
3990,89.5432,93.2591,78.1036,37.2479
4020,90.3792,91.4162,78.7054,36.2221
4050,90.5678,89.0093,75.5147,33.1287
4080,89.139,87.6412,77.7784,37.6211
4110,92.4564,96.5976,75.2675,36.9138
4140,93.3878,90.6721,74.0252,38.9656
4170,91.1171,92.6075,73.7787,35.6293
4200,89.0174,88.4589,75.7604,35.8549
4230,91.6777,93.7026,80.6234,36.6791
4260,88.7419,90.9979,76.1381,33.2859
4290,89.8943,90.0003,74.0243,38.3917
4320,93.7357,93.8301,79.0235,36.1784
4350,90.8473,88.6394,77.5758,38.9958
4380,93.8156,94.8803,76.0919,38.0731
4410,90.8797,89.7251,73.81,38.0247
4440,91.0366,92.4241,76.8898,34.753
4470,93.5975,92.6115,74.474,39.4227
4500,94.4205,91.6107,77.5537,41.674
4530,93.2347,90.4085,76.0247,37.6942
4560,94.799,87.0779,76.2393,37.6776
4590,92.784,93.0795,78.3539,33.8172
4620,97.4553,89.7082,78.4807,29.2675
4650,95.6407,91.7365,78.1467,32.3389
4680,97.4141,91.3491,79.2949,34.2169
4710,98.569,92.5203,76.0977,37.405
4740,95.7491,94.0093,78.7924,36.1322
4770,97.1841,91.6938,79.3908,33.1864
4800,98.3233,94.3382,75.2122,34.0354
4830,97.9238,89.0795,76.0158,33.6535
4860,95.7254,88.2438,76.3518,35.1644
4890,95.9943,91.3544,72.9319,35.0676
4920,97.8587,89.0091,76.0366,36.373
4950,96.4899,89.9119,76.2819,34.896
4980,95.2277,89.6661,79.0126,37.434
5010,100.634,90.2453,78.7175,32.1538
5040,96.0338,88.7186,78.7008,37.1147
5070,97.7567,87.1816,76.203,34.777
5100,97.1101,91.1774,75.5271,37.4964
5130,95.8229,88.9129,75.8242,35.7278
5160,97.6703,87.511,74.0785,37.0997
5190,98.5314,91.9553,76.8471,37.7498
5220,100.358,91.4473,71.8407,38.7685
5250,95.7397,91.9726,77.7893,34.6659
5280,96.827,88.5545,77.4842,36.2693
5310,94.5237,85.7883,74.2558,31.6836
5340,98.8341,85.7529,79.1867,35.7474
5370,95.6485,86.7962,79.2279,35.4918
5400,96.558,89.1225,78.5647,37.3985
5430,97.0142,92.1208,77.4177,37.3393
5460,100.276,92.5705,75.2387,38.9971
5490,96.141,92.9606,78.5577,40.219
5520,98.0675,89.7641,73.8886,33.8543
5550,97.9265,91.488,73.7798,39.052
5580,97.984,86.3358,71.9266,39.3785
5610,94.8548,88.8105,78.6628,33.1588
5640,94.7999,87.3079,75.9519,36.7835
5670,97.7494,90.1293,77.753,35.4258
5700,97.6243,88.8602,79.028,40.0382
5730,94.6011,88.662,75.9414,36.8392
5760,95.9703,87.4316,78.181,33.7169
5790,97.0103,90.7221,76.5807,34.5943
5820,95.1858,85.9879,77.0552,32.2472
5850,97.204,88.3216,76.9123,37.071
5880,95.4066,85.6369,79.1992,32.8264
5910,96.5468,87.1597,78.5929,35.9294
5940,96.2752,89.9167,78.3633,34.8532
5970,97.9576,90.3169,76.6283,35.3468
6000,94.5381,89.1734,75.47,33.1176
6030,94.9533,86.5602,76.2593,33.7853
6060,99.0072,90.7853,76.9835,33.6061
6090,97.0362,89.3785,77.4791,37.2786
6120,98.29,89.406,76.9427,33.6069
6150,101.127,92.0755,76.1976,37.3157
6180,101.874,92.3385,78.0521,32.5211
6210,103.273,91.4062,74.3749,32.6285
6240,104.157,86.3602,76.3688,35.8663
6270,101.59,90.5147,78.3759,34.9272
6300,102.849,88.9774,75.7533,36.7195
6330,103.299,90.2541,76.335,34.1456
6360,106.787,92.1312,79.3437,34.0645
6390,106.127,91.0275,75.4956,33.0557
6420,106.751,88.8449,77.6582,33.9058
6450,104.943,91.8056,76.299,34.5867
6480,106.19,89.6846,74.7312,35.1462
6510,104.991,87.7388,75.251,35.6455
6540,108.194,90.1051,75.0493,32.5252
6570,85.8487,73.3805,64.623,36.756
6600,85.287,70.5868,59.7796,35.9388
6630,85.4622,71.6219,64.3993,33.1855
6660,85.9073,72.8528,61.5929,32.9481
6690,88.0218,65.6072,57.7901,32.2778
6720,86.3985,65.9931,58.617,36.0722
6750,86.0279,67.9207,58.1616,36.117
6780,87.8979,67.345,56.8557,33.8712
6810,87.7254,69.9579,57.8383,35.6933
6840,88.4899,67.2686,57.4556,34.8284
6870,87.2731,66.1422,57.7492,36.5216
6900,86.3427,67.6704,56.94,33.2023
6930,88.0022,69.9575,58.589,36.2598
6960,87.5687,65.7645,57.2239,34.3314
6990,88.0581,68.8172,59.6415,35.7165
7020,86.4672,65.4929,57.8812,36.4375
7050,85.5849,67.9997,58.7856,36.3088
7080,89.2282,68.6832,57.9357,34.817
7110,80.6076,60.2522,51.5831,33.4056
7140,84.7551,79.9339,67.3419,46.4745
7170,85.9426,101.949,84.838,57.841
7200,87.5342,101.777,83.8927,55.972
7230,86.0953,99.0647,83.4787,56.8049
7260,84.9547,100.857,84.8079,54.5957
7290,84.6757,99.1424,86.3509,54.1282
7320,87.6253,100.05,84.675,56.9541
7350,87.7717,102.721,85.885,57.8275
7380,85.4806,99.0055,85.2498,56.6222
7410,87.462,99.7889,84.9231,56.3826
7440,87.9611,102.764,83.1193,55.3562
7470,88.1756,99.8585,82.9539,54.3448
7500,87.2665,101.383,83.7417,57.1891
7530,87.1109,99.7953,85.7749,56.0986
7560,86.5554,100.263,83.7166,55.6518
7590,85.3282,99.1521,84.0814,55.9513
7620,85.1759,98.798,83.3065,57.9488
7650,85.5268,101.996,84.8103,54.7353
7680,86.7785,101.603,84.7264,56.3366
7710,87.8757,101.276,85.2309,56.542
7740,85.0622,102.969,84.2968,57.4411
7770,85.1482,99.7679,84.1332,56.9284
7800,86.707,101.498,83.3123,57.2907
7830,87.2129,100.901,83.8784,57.6768
7860,86.4355,100.627,85.9174,57.2109
7890,85.0327,100.627,86.313,57.0459
7920,84.7115,101.035,83.9986,57.8934
7950,84.7781,98.6648,84.8993,54.8935
7980,88.0167,103.262,83.1023,54.3826
8010,85.365,100.694,85.7695,57.3308
8040,84.6802,103.112,85.0585,57.1354
8070,86.1685,102.922,85.2216,57.9118
8100,85.7897,101.166,85.4873,55.9661
8130,88.1469,102.032,83.6817,54.0479
8160,85.3958,101.276,86.3087,55.2579
8190,86.6334,101.256,84.7776,56.0046
8220,86.5813,101.538,84.9793,57.1935
8250,84.7124,100.655,84.9754,54.4045
8280,85.9674,99.7183,85.9654,57.4006
8310,85.0469,101.229,85.6495,55.9816
8340,84.8462,101.163,86.3142,54.195
8370,85.5001,99.6686,83.1451,56.0463
8400,87.4537,98.9585,85.7637,55.3898
8430,86.8571,100.383,85.8409,54.6813
8460,88.251,100.748,86.2519,54.1625
8490,87.8281,101.282,83.4223,55.0714
8520,87.4986,98.8719,83.2198,57.8479
8550,86.5909,105.852,86.9095,56.8263
