Time,FC,PAS,PAM,PAD
-1,83,109,100,75
0,91.3,119.9,110,75
30,89.7936,121.338,109.112,75
60,90.6642,122.706,109.112,75
90,90.6919,120.062,110.42,75
120,92.8701,118.277,111.529,75
150,100.548,120.79,120.019,75
180,99.7418,121.742,123.696,75
210,91.6351,120.497,110.561,75
240,90.0027,120.7,110.032,75
270,90.7263,121.959,107.306,75
300,92.727,118.987,108.231,75
330,93.0061,121.421,108.479,75
360,93.5007,116.917,111.229,75
390,91.9839,117.012,108.222,75
420,92.7819,117.742,111.85,75
450,92.1769,122.254,110.107,74.2846
480,92.2133,117.259,111.775,74.3751
510,93.0187,115.121,106.81,72.9914
540,89.3306,118.53,112.176,76.5801
570,93.0593,119.115,113.593,75.3551
600,89.8488,122.181,109.111,75.6229
630,91.53,120.274,108.23,73.0711
660,91.7527,119.409,113.11,76.6236
690,91.3361,120.76,114.996,72.9583
720,93.9138,122.923,109.827,74.477
750,94.5768,115.305,109.066,73.6662
780,89.1209,116.447,108.538,77.0358
810,88.5123,122.676,111.127,73.084
840,91.2604,116.369,111.949,75.5446
870,89.0192,102.636,80.8883,57.9489
900,89.1601,94.6479,83.1364,59.4397
930,84.6871,96.5263,88.0289,62.3925
960,88.7638,101.762,85.6906,61.5233
990,82.9782,101.066,89.3239,62.8708
1020,84.729,95.2432,88.2908,61.5566
1050,85.4082,97.9574,88.2807,56.8114
1080,85.3503,92.8107,88.0886,57.8075
1110,85.819,95.4343,91.8973,54.5222
1140,82.0656,121.163,110.739,58.4705
1170,83.6592,122.722,108.152,65.1152
1200,79.8868,115.595,112.294,73.0061
1230,83.5116,124.62,111.249,77.6605
1260,84.1907,122.117,111.072,75.692
1290,83.6331,118.981,106.005,75.8041
1320,82.9312,123.587,110.481,70.1776
1350,80.4892,114.805,113.052,73.1292
1380,83.3698,117.429,111.335,78.7416
1410,79.4456,114.985,105.098,75.0839
1440,82.4647,117.891,105.789,73.3883
1470,82.6092,116.05,109.797,78.9835
1500,79.8922,122.072,106.193,74.0691
1530,81.8874,123.779,108.02,73.4594
1560,86.5938,118.18,104.617,73.3429
1590,81.8518,115.468,105.564,73.4124
1620,77.8422,119.025,109.103,74.6592
1650,82.6215,115.094,109.777,74.0851
1680,82.1772,122.02,108.867,74.5597
1710,83.9024,116.432,109.622,74.6878
1740,80.0802,85.3299,93.4433,63.0716
1770,69.8369,83.0823,43.8158,51.6061
1800,71.7439,81.7229,45.7811,50.654
1830,69.8079,83.4311,44.216,53.6756
1860,72.9911,91.0013,44.5124,56.289
1890,71.3346,83.386,51.6461,54.7874
1920,71.8244,84.7488,46.7965,49.2059
1950,70.0801,83.499,44.3779,55.1624
1980,76.6204,81.9646,69.6439,53.6755
2010,74.8075,80.2965,65.4827,54.8469
2040,76.2627,85.3627,70.6594,52.128
2070,76.1355,80.9999,73.1041,48.3319
2100,74.6294,86.6387,74.323,51.4106
2130,76.035,80.5327,69.5861,55.866
2160,73.4172,84.8763,70.9416,53.2022
2190,76.7521,82.8084,68.2133,52.2005
2220,76.9437,77.3792,68.6366,52.0482
2250,73.8872,83.8682,71.372,53.7721
2280,75.8653,82.4863,67.6412,55.0865
2310,72.4284,59.1251,60.3017,44.4806
2340,71.0115,60.6071,52.0515,36.9401
2370,70.164,60.1674,46.1902,34.2907
2400,70.9553,55.4346,48.0354,35.2003
2430,68.4274,55.4581,50.9269,38.0152
2460,69.5855,59.0816,50.2373,35.3137
2490,75.8142,62.4923,50.5864,39.2559
2520,74.6223,61.1063,60.651,35.9175
2550,76.4041,61.9794,55.767,34.8018
2580,71.8949,59.9964,52.5965,30.4788
2610,73.6014,64.9725,54.5893,36.2622
2640,69.2816,63.2726,52.3961,34.743
2670,69.7443,57.6125,57.0237,36.8875
2700,71.1974,62.1605,51.8952,35.0741
2730,70.9004,67.2412,53.9851,37.8669
2760,69.3178,66.6803,55.9758,36.4248
2790,69.0747,58.6116,58.9345,34.41
2820,68.886,60.1722,51.0552,31.6345
2850,69.8566,61.898,59.2641,37.179
2880,69.3248,61.7346,55.6929,36.3252
2910,70.572,63.0026,54.3706,37.1225
2940,66.7036,64.2143,52.3928,40.611
2970,70.9566,62.996,50.3081,37.5094
3000,69.4599,67.941,55.0858,38.8827
3030,68.5041,55.3655,58.5683,39.245
3060,67.8768,60.0668,56.044,35.0742
3090,85.3162,69.3662,66.3037,35.2117
3120,83.3198,72.0627,69.7711,33.6284
3150,73.1027,64.0993,65.5734,35.5835
3180,70.7168,61.8352,63.6577,30.9018
3210,71.9854,63.4324,64.4386,37.5343
3240,70.5945,60.1954,63.5698,33.9731
3270,72.208,58.7445,66.4651,34.0018
3300,71.1561,56.1737,64.2121,40.6954
3330,73.6289,63.1627,63.3635,38.3203
3360,74.219,65.1522,62.1793,31.5948
3390,71.1625,61.7952,61.8182,36.7991
3420,69.7963,66.1355,63.5788,32.6179
3450,71.5325,56.0791,66.1138,37.409
3480,72.4779,59.4973,64.5341,34.329
3510,70.6136,56.4511,66.9745,33.2072
3540,72.5492,61.7419,68.6381,36.2955
3570,72.5334,65.0778,61.3906,38.2748
3600,73.8113,60.2949,66.6682,34.8231
3630,71.6454,64.1896,63.8199,34.4313
3660,70.8888,64.4821,69.5503,37.2441
3690,71.2146,64.9063,70.7734,36.1835
3720,72.6219,65.481,69.6201,40.5416
3750,71.7248,60.5678,70.8012,37.3988
3780,72.5388,57.7095,64.4022,37.2601
3810,73.1409,59.5779,71.1137,35.1887
3840,73.0068,55.5342,72.0613,40.9264
3870,71.3528,61.1848,69.7129,34.9639
3900,73.0773,62.4883,73.263,31.0303
3930,72.6863,59.8292,68.0589,33.3304
3960,75.5548,55.4372,70.4796,37.8725
3990,71.6643,56.7219,68.1835,35.5486
4020,72.9974,59.373,67.8602,35.7235
4050,76.5647,62.3108,70.8241,34.649
4080,74.989,58.6881,69.3545,36.9989
4110,76.9937,54.8921,69.2737,31.6779
4140,92.1816,75.0362,77.0538,36.234
4170,91.4412,73.7558,76.9996,36.0569
4200,95.1115,71.2581,76.7377,36.6731
4230,93.4877,71.3747,74.9089,36.6969
4260,96.2663,67.0653,79.4515,34.7379
4290,95.7938,73.5496,77.8634,32.5638
4320,94.6404,68.0799,78.0062,36.871
4350,94.9984,66.9955,77.343,34.6615
4380,95.1589,71.9335,80.2346,37.1477
4410,95.1087,70.943,76.7476,35.6148
4440,95.1481,64.6115,77.9585,35.0479
4470,99.2697,73.6169,80.341,34.6012
4500,103.285,71.2715,81.7441,37.6723
4530,104.09,74.4693,75.5546,32.0814
4560,103.389,71.7405,79.1372,34.3655
4590,101.035,76.1425,79.853,40.0655
4620,100.032,74.3431,82.2531,36.4411
4650,101.441,73.6408,82.3887,37.4776
4680,101.031,72.9566,81.3694,33.8399
4710,106.105,78.0463,81.3762,33.4558
4740,103.674,77.2968,80.575,33.1334
4770,105.754,78.6025,81.7117,31.1762
4800,103.407,80.9424,81.0259,34.8598
4830,107.134,79.5135,82.1367,35.1061
4860,106.654,75.5197,83.8789,36.9207
4890,106.603,73.8618,85.6652,39.5809
4920,102.95,77.6482,85.4101,37.2483
4950,104.273,77.5416,76.6007,30.4996
4980,103.226,78.3236,79.387,35.3099
5010,102.466,78.6342,83.5975,33.5547
5040,100.741,75.586,78.7854,37.9171
5070,100.007,81.7994,84.8088,36.0545
5100,102.141,80.6185,83.1308,34.9322
5130,99.9003,76.8111,80.5778,37.6279
5160,97.8733,83.1215,74.8312,37.7146
5190,98.1648,74.5201,79.2633,35.4733
5220,96.4004,79.4182,84.5539,35.6887
5250,96.9673,74.7029,83.5286,39.3796
5280,96.2768,73.8727,84.432,35.3677
5310,94.7827,76.3786,79.7621,31.6357
5340,93.7885,72.9318,78.8477,36.4925
5370,96.4529,83.1176,79.3829,38.9655
5400,94.1892,75.4287,83.2214,35.783
5430,94.8375,80.0126,82.2279,35.4166
5460,92.5544,74.5248,80.6684,36.3073
5490,92.6859,85.0262,83.2264,29.4932
5520,95.6734,78.0534,80.2884,32.4214
5550,97.9255,77.5702,81.1331,36.7998
5580,96.0564,78.496,83.2605,31.623
5610,93.8313,77.8633,81.5123,37.1863
5640,99.7477,74.6418,78.8237,35.2314
5670,97.0601,80.0425,83.7955,33.3806
5700,99.3332,74.4737,78.409,33.0582
5730,96.7411,80.3758,82.0291,33.9169
5760,99.5406,79.5711,78.5256,33.4697
5790,100.052,74.336,78.1861,32.0908
5820,98.7561,75.3234,80.2389,37.9693
5850,100.298,72.3197,84.0707,38.0473
5880,96.99,77.2629,81.6299,32.7382
5910,101.325,77.3032,77.8483,33.9844
5940,100.124,77.2504,79.6587,35.0065
5970,100.554,75.93,80.0538,35.3132
6000,102.713,73.1428,78.5532,31.7307
6030,100.35,71.7697,80.206,30.8845
6060,100.449,74.0831,84.504,31.8073
6090,101.181,78.465,79.1321,31.1697
6120,102.011,75.6964,78.2642,30.1465
6150,101.038,75.6059,84.6006,36.6532
6180,102.304,77.2419,79.3884,33.5399
6210,98.8799,77.3962,80.7646,34.023
6240,100.51,75.6989,76.5581,30.3677
6270,101.936,76.2934,82.1202,29.3121
6300,101.003,76.0346,81.6806,32.1504
6330,101.468,79.4912,86.4185,32.4952
6360,100.17,69.4579,77.2057,35.9853
6390,99.8666,83.3462,80.5991,33.4239
6420,101.121,80.0123,85.1393,36.5539
6450,100.117,79.1948,83.7046,30.9189
6480,100.137,76.1348,87.6449,34.2067
6510,101.312,76.1519,82.2476,36.1858
6540,99.389,75.8229,79.1727,35.0646
6570,101.192,74.2156,78.2614,35.2575
6600,100.717,78.3459,80.9732,34.6834
6630,100.852,79.7453,82.2677,32.3022
6660,101.843,78.9052,80.5085,36.2773
6690,99.9174,79.4435,81.9586,32.2879
6720,104.421,76.1135,81.371,29.461
6750,98.9182,76.4376,79.8609,34.8069
6780,99.7321,70.3001,80.1773,30.2829
6810,100.133,79.1856,84.1463,34.9049
6840,98.5587,76.4468,78.3018,35.9593
6870,101.312,77.0818,81.6054,32.7078
6900,100.251,77.3776,81.8525,33.9473
6930,101.407,73.7908,77.7701,36.796
6960,100.068,76.1267,78.1241,34.0336
6990,100.156,75.9908,79.0853,34.4392
7020,100.953,76.5227,84.3271,38.3469
7050,100.635,73.2001,80.2884,37.3829
7080,100.761,73.0563,79.3078,34.1323
7110,102.386,79.1771,79.7766,30.5564
7140,102.035,78.7979,82.9517,33.2289
7170,101.813,73.4988,82.9203,33.7342
7200,99.6125,74.7747,80.9699,31.1877
7230,101.746,80.2617,85.663,33.5193
7260,100.625,76.8178,81.383,33.6454
7290,98.4261,78.641,84.5925,33.26
7320,101.168,74.3991,84.606,33.5148
7350,101.18,75.144,81.3055,33.399
7380,99.3244,76.1033,80.6903,27.377
7410,102.318,73.8484,85.6505,35.9379
7440,100.75,76.8245,78.4763,35.2071
7470,101.159,77.8045,77.8941,36.2509
7500,100.996,71.9648,77.2292,37.5093
7530,99.5467,76.4867,83.4,34.6657
7560,99.982,78.7703,81.883,28.5043
7590,99.1221,76.5371,81.7357,34.1688
7620,101.891,79.8578,81.1999,34.2397
7650,100.271,77.6805,84.5529,33.8563
7680,103.765,75.5629,83.0716,32.0427
7710,101.39,76.481,80.1142,31.7441
7740,102.952,80.4583,84.604,33.0724
7770,101.889,75.4702,77.3173,31.5032
7800,100.197,72.0274,80.5531,31.9972
7830,102.622,77.6992,83.4812,34.3655
7860,101.521,75.5581,82.666,32.9326
7890,99.8341,78.0292,84.7704,33.7699
7920,102.582,75.9923,81.0274,33.7869
7950,102.701,75.7982,85.102,33.0979
7980,101.43,78.7563,81.4993,37.2062
8010,99.9878,80.151,80.1478,34.2286
8040,101.008,71.5931,83.8928,34.1173
8070,102.493,75.0183,81.5029,31.7401
8100,103.244,75.8883,85.8614,33.8515
8130,104.898,78.1585,82.7666,31.9867
8160,106.887,77.2711,83.7238,37.105
8190,104.58,81.0417,83.2085,32.7343
8220,105.022,80.5036,78.9446,38.1932
8250,104.778,79.8313,82.6925,34.595
8280,110.479,79.8456,81.9215,36.7084
8310,109.356,80.6588,78.2611,36.9987
8340,108.429,79.1367,81.7223,38.5115
8370,110.115,77.6502,78.2943,38.3296
8400,110.01,80.7816,79.8498,34.9627
8430,108.769,76.3285,78.6169,36.1409
8460,110.769,76.6071,78.9651,35.6696
8490,111.404,80.3057,79.2535,34.7231
8520,110.555,76.5125,78.9535,35.2623
8550,109.204,79.634,82.1314,38.3302
8580,110.635,78.945,78.5485,38.1471
8610,110.391,76.4025,79.8768,37.1645
8640,111.57,80.0473,82.4828,38.5412
8670,111.051,81.5291,80.3423,35.9836
8700,108.689,79.595,81.9449,38.2278
8730,109.822,76.1966,78.3776,34.1487
8760,108.696,77.4621,79.4003,35.4403
8790,111.514,76.5564,79.3078,36.4007
8820,110.49,78.0288,80.1899,34.7891
8850,109.802,80.4144,82.2857,35.4143
8880,110.182,80.0495,79.5177,35.2372
8910,110.899,80.1914,81.4542,37.5866
8940,109.748,78.5717,81.6272,37.5638
8970,110.019,80.3476,82.0122,36.4767
9000,108.479,76.4277,82.2443,38.101
9030,108.873,76.5782,80.1376,37.2998
9060,88.1406,65.3802,66.4118,37.7512
9090,88.824,64.687,62.5938,34.6618
9120,88.1445,63.0183,63.9266,34.7098
9150,87.164,61.1076,66.6473,36.4409
9180,88.3897,64.2303,63.546,38.3431
9210,88.0427,61.299,64.471,35.9441
9240,86.0471,60.0655,59.9913,35.2921
9270,86.9456,62.2822,63.3821,37.7596
9300,87.5205,62.9866,61.6548,34.9183
9330,87.5277,62.441,59.9642,38.5046
9360,86.1057,62.055,59.0486,35.45
9390,88.1237,58.5639,62.5866,35.133
9420,87.8872,59.0352,59.3457,34.3911
9450,86.3074,61.9749,60.8211,35.6706
9480,88.9971,62.6185,61.5332,35.7917
9510,87.341,61.6073,59.431,34.417
9540,87.1439,62.9135,59.6865,34.1757
9570,87.6324,61.3646,58.4425,37.4299
9600,86.3898,59.0341,58.669,38.4158
9630,86.1442,63.0967,59.4282,37.8027
9660,89.0559,60.4184,62.9304,35.055
9690,85.7307,60.3512,61.2642,34.2471
9720,77.0654,53.0969,53.7171,37.0532
9750,82.8136,90.3558,71.7849,46.3394
9780,85.2212,92.3846,85.7788,56.6911
9810,85.5294,88.3987,88.5055,59.9442
9840,84.966,91.5858,88.2762,58.9155
9870,86.1288,92.1575,86.413,59.6548
9900,84.7759,88.4873,89.1738,58.1481
9930,85.8688,89.6686,86.5471,60.0083
9960,85.9662,91.4319,86.8027,58.4656
9990,85.1015,88.0217,87.9164,60.3348
10020,84.2143,92.0194,89.0714,59.5987
10050,84.2219,90.7693,86.8878,58.8919
10080,85.4659,88.1653,84.9183,57.5109
10110,84.1607,89.4682,89.23,58.5725
10140,86.1334,91.6617,88.7249,58.029
10170,84.8077,88.2819,85.1792,60.9084
10200,83.7697,90.1703,86.6962,58.4892
10230,86.2853,87.5703,86.0721,60.5597
10260,83.6899,88.1431,87.5863,57.2694
10290,86.748,87.4208,88.0902,58.2981
10320,84.6118,91.2782,87.6903,58.3638
10350,84.4327,90.0607,88.9696,60.6442
10380,85.0596,90.8962,85.9009,59.7557
10410,86.9186,89.1971,88.1602,60.7996
10440,87.0401,87.8333,86.5995,59.7114
10470,84.4946,90.9145,87.7142,57.6161
10500,86.8413,88.3126,86.6424,60.0468
10530,84.7064,87.6997,85.5283,59.0575
10560,86.79,91.5049,89.52,57.0379
10590,84.9589,91.7543,84.7762,59.9479
10620,85.6556,88.7621,87.0701,58.7563
10650,86.1358,88.2369,86.9025,59.5213
10680,84.9227,91.8108,86.5358,59.1834
10710,85.7036,87.179,88.8144,58.7189
10740,84.5511,88.4813,86.0059,58.9804
10770,84.9939,89.6871,85.1799,57.7514
10800,84.7189,87.6645,86.5332,59.5148
10830,87.0732,89.4444,86.7967,58.9528
10860,86.2947,92.2045,84.8068,58.5735
10890,84.2369,89.8761,85.2444,58.8558
10920,85.0367,89.9526,85.1814,60.8657
10950,85.6043,92.3438,86.9352,60.1221
10980,84.4833,91.2054,86.388,59.2597
11010,84.5266,89.7235,89.0545,58.9651
11040,85.6486,91.5598,88.4605,59.0969
