Time,FC,PAS,PAM,PAD
-1,84,110,80,87
0,92.4,121,88,87
120,92.8746,122.835,87.4826,87
240,102.458,122.447,95.4137,87
360,92.5512,119.814,87.951,87
480,94.4083,121.137,85.0347,86.7015
600,94.7463,120.504,86.0666,88.7196
720,89.9562,122.18,86.1514,86.2065
840,89.6074,96.4123,73.6114,71.4172
960,85.8842,94.4727,70.4707,70.7667
1080,86.6395,123.604,87.1788,85.8907
1200,83.7701,119.145,89.0921,90.4821
1320,70.3893,85.9894,32.8773,61.5235
1440,72.1318,85.5985,34.6649,58.6589
1560,75.7824,83.1619,53.2087,61.3004
1680,75.2949,81.5961,53.0767,61.4792
1800,76.6821,84.6898,51.5706,61.2596
1920,74.443,87.3497,57.9307,61.0166
2040,70.8838,59.4318,39.604,42.8702
2160,72.9695,65.8187,44.8982,37.17
2280,74.6568,67.0319,38.1631,40.8001
2400,70.4001,67.5647,41.8206,39.6726
2520,69.6002,70.9972,40.737,43.9479
2640,82.0181,87.2755,51.6393,36.8369
2760,82.0964,74.6769,50.3617,46.3728
2880,84.8548,81.1591,52.3993,42.4795
3000,88.8769,77.01,59.4058,44.4515
3120,95.22,83.5888,54.3263,39.7482
3240,100.708,84.7684,63.6104,44.2987
3360,102.057,82.0253,61.294,39.0928
3480,102.401,81.1432,59.2571,41.4473
3600,95.9609,85.1696,58.9441,41.7846
3720,91.4988,77.2297,62.6959,45.5339
3840,91.4699,83.5601,55.6457,40.6112
3960,90.3397,76.7771,57.5253,42.7848
4080,91.51,90.3671,58.1108,41.1608
4200,90.2608,88.1571,58.5364,41.8064
4320,90.1895,86.7064,68.156,40.4504
4440,92.0873,81.6147,66.9838,38.6642
4560,97.8401,85.8684,61.0184,41.2122
4680,95.3139,86.2036,62.9904,42.4712
4800,97.6981,82.0239,65.0413,42.0062
4920,96.3731,88.249,65.0986,41.5997
5040,95.1041,80.9466,64.6435,38.8521
5160,95.6275,82.1862,65.3884,39.7502
5280,94.2789,84.8464,67.0567,40.4804
5400,96.0582,84.6227,65.7921,42.2795
5520,95.5789,86.1803,65.7727,41.5155
5640,95.1911,81.85,66.6915,41.0258
5760,81.4718,69.1048,48.5435,41.7314
5880,85.3758,62.1866,52.8191,40.0456
6000,88.9137,61.1135,49.1906,40.6242
6120,88.1934,59.9286,52.0283,42.6067
6240,85.4421,61.964,50.0376,40.877
6360,85.6817,55.6841,50.9885,43.6318
6480,86.9955,89.434,72.5368,69.0666
6600,84.1448,88.1249,71.8714,68.4458
6720,84.4547,83.741,74.7405,68.9795
6840,86.2306,85.7167,73.1013,68.6503
6960,86.7906,88.9247,75.2399,69.3095
7080,87.1394,87.4007,74.527,67.7383
7200,86.1317,91.4393,75.1844,67.763
7320,85.5915,88.5946,73.8947,69.0446
7440,85.9376,89.1617,74.1029,70.3451
7560,85.9899,91.5093,75.2951,68.6729
7680,85.0564,90.2416,74.3318,69.0197
