Time,FC,PAS,PAM,PAD
-1,78,116,99,77
0,85.8,127.6,108.9,77
120,87.6317,129.387,109.238,77
240,95.3461,128.649,108.127,77
360,87.7639,129.131,110.801,77
480,83.4412,128.22,106.163,76.6821
600,86.9289,124.885,107.19,78.6135
720,85.693,127.855,107.672,76.6289
840,86.4907,101.711,80.9887,59.1265
960,79.5638,99.6051,89.2248,62.1531
1080,79.1106,129.708,111.452,64.3416
1200,73.3034,124.437,110.934,78.181
1320,74.5311,134.269,108.83,75.6753
1440,61.8758,86.3131,51.287,53.9243
1560,64.2308,85.606,44.2554,53.2154
1680,65.3317,85.112,72.761,54.3364
1800,67.3909,87.553,68.3095,52.8593
1920,65.3479,81.2514,73.6402,52.6085
2040,67.5852,86.5453,70.799,54.8322
2160,66.1062,67.7081,66.9903,37.9225
2280,62.6136,64.0047,63.3072,39.1718
2400,60.3163,70.695,52.9034,37.116
2520,60.2684,73.7614,56.3915,35.3617
2640,61.1489,63.3742,52.2556,38.0257
2760,61.3209,71.437,58.0581,36.0321
2880,63.583,62.7379,56.3205,39.7729
3000,62.7767,70.3462,55.9209,38.0772
3120,61.4138,61.8703,53.4704,38.5632
3240,72.8734,76.5846,69.7,39.7863
3360,76.0404,71.6767,67.7613,39.5139
3480,80.4471,75.456,75.0032,37.0704
3600,87.0828,76.7598,73.4702,36.3063
3720,91.1964,82.8926,75.2831,38.3319
3840,93.6365,78.3838,82.094,37.5599
3960,90.2666,74.5248,77.9904,39.1973
4080,89.2317,84.1869,79.0873,38.7456
4200,87.9099,85.0546,74.9507,36.4827
4320,81.9299,77.3008,72.9155,37.4748
4440,82.1512,84.3468,75.625,38.6747
4560,84.5239,75.2244,75.4876,36.5957
4680,80.0939,71.2607,77.2627,37.6097
4800,86.2885,80.3515,79.71,40.0156
4920,83.5788,72.0603,73.1511,38.765
5040,89.2847,72.3646,78.5677,39.7192
5160,91.275,79.9339,73.0427,38.5792
5280,91.5634,81.2886,73.8362,37.7032
5400,89.9868,78.2205,77.0694,40.3023
5520,91.1931,76.3415,80.7534,38.449
5640,90.0707,72.6042,74.942,38.9107
5760,89.7612,77.3146,77.3848,39.5353
5880,93.0715,77.1694,81.6972,37.8158
6000,89.8358,80.0925,78.8434,41.3787
6120,90.8735,75.2322,78.9999,38.4163
6240,93.6951,82.0763,79.7774,39.75
6360,91.4412,73.4044,81.4338,40.2496
6480,92.5928,75.1293,80.2248,37.1435
6600,92.5287,72.7434,76.7967,38.6647
6720,97.1694,79.7107,81.4754,38.1194
6840,98.2708,74.5868,79.6678,40.806
6960,102.945,75.0053,78.5097,39.8479
7080,100.262,74.8026,76.5992,41.0805
7200,80.1109,60.7539,62.5986,39.4187
7320,81.5631,58.3498,60.5807,41.0803
7440,83.4448,57.8532,60.7854,40.5282
7560,80.4212,56.6745,58.4213,39.6814
7680,82.4234,55.7953,62.3107,39.8906
7800,80.2603,92.5255,85.0493,62.5996
7920,81.115,92.1487,88.4273,64.3459
8040,80.7802,94.302,87.9888,63.9789
8160,78.659,88.8579,85.1609,63.3452
8280,80.43,92.8686,86.5936,63.1426
8400,78.5681,88.5348,85.5416,62.3022
8520,79.2753,90.2585,87.7806,61.3013
8640,79.7632,92.5147,86.677,64.3997
8760,78.92,92.3174,86.4142,64.4094
