Time,FC,PAS,PAM,PAD
-1,63,139,97,66
0,69.3,152.9,106.7,66
120,67.9806,149.646,108.112,66
240,69.8088,156.461,105.627,66
360,68.5632,151.728,107.738,66
480,70.9034,148.452,106.665,65.1163
600,68.5238,151.292,108.658,66.358
720,70.2594,155.04,107.069,67.5287
840,65.0706,125.423,89.3472,57.0437
960,63.0042,122.459,81.3472,51.121
1080,62.9393,152.151,87.7022,67.6922
1200,62.7997,150.654,106.537,64.8912
1320,54.47,103.158,44.9119,47.3276
1440,53.5987,109.406,42.2611,47.3106
1560,59.8423,108.818,67.2224,46.7552
1680,56.4893,106.633,66.5975,44.8465
1800,57.9639,107.58,64.8994,48.9429
1920,53.3299,77.8798,48.451,32.9146
2040,53.1478,81.1059,51.5411,35.4053
2160,54.3552,84.8605,51.7158,32.6041
2280,61.4958,96.6544,66.8019,34.6146
2400,52.7206,77.3811,56.7795,33.6587
2520,53.3992,81.0088,60.4316,30.2313
2640,54.9742,80.4383,57.64,31.7042
2760,51.5803,80.2915,61.0659,31.7305
2880,53.4649,77.7401,65.4599,31.8656
3000,62.9219,97.2957,67.4384,33.6073
3120,61.4927,94.8073,70.6807,31.9246
3240,63.7731,94.6877,72.3234,32.368
3360,69.9844,101.23,73.3875,32.6389
3480,66.4588,107.116,69.199,34.2268
3600,69.5722,106.741,73.7255,32.4893
3720,71.8935,112.14,69.4621,32.253
3840,70.3055,109.524,73.9703,30.454
3960,73.1858,108.894,72.5209,30.1874
4080,66.1274,107.102,71.7755,31.7814
4200,70.4581,109.942,73.637,32.2896
4320,68.3558,110.727,66.939,27.391
4440,66.6951,104.353,76.7312,28.7494
4560,68.5759,108.109,77.4553,26.4548
4680,66.2671,111.964,73.6162,27.998
4800,68.9176,109.465,68.6854,30.6861
4920,67.9011,110.981,68.0509,32.4229
5040,71.4006,114.857,70.0793,31.4214
5160,73.2844,109.556,72.1404,28.8804
5280,75.7187,111.414,67.5818,29.4617
5400,72.0795,114.226,69.3102,30.1844
5520,72.607,113.72,70.414,31.3368
5640,71.7385,114.979,66.3109,27.9218
5760,75.3368,112.069,68.3266,28.1584
5880,74.2381,112.882,69.6845,28.6904
6000,74.5706,116.165,69.422,31.2732
6120,74.8616,110.718,71.149,30.2145
6240,74.5798,113.627,66.3706,29.821
6360,74.6909,115.29,68.0534,29.9612
6480,71.6175,113.757,69.7925,28.9896
6600,74.6396,112.582,70.8646,28.603
6720,60.61,88.2305,54.9657,31.2459
6840,63.4198,87.3861,52.942,30.3888
6960,65.0439,88.2169,48.9764,29.5408
7080,63.6437,87.1668,50.4682,28.2266
7200,60.4404,75.2433,45.7054,29.0078
7320,64.9365,124.098,76.5953,49.7664
7440,65.8342,124.378,75.9769,49.7048
7560,64.378,121.674,78.4813,48.2378
7680,65.817,123.701,75.0721,48.4001
7800,65.5083,120.42,77.3471,47.2908
7920,66.3704,123.466,78.2713,49.9702
8040,64.2455,121.281,75.7587,47.1971
8160,63.9504,124.638,77.3859,49.3596
8280,65.6424,120.447,77.8239,48.4507
