Time,FC,PAS,PAM,PAD
-1,60,99,75,70
0,66,108.9,82.5,70
60,64.4241,110.661,84.2034,70
120,67.4399,110.821,80.8476,70
180,72.0804,107.298,90.1328,70
240,71.8404,107.94,82.5379,70
300,64.7597,109.882,80.953,70
360,67.6433,108.989,84.0582,70
420,66.4463,108.273,84.2256,70
480,65.1594,111.414,85.5022,69.6889
540,67.7383,109.334,84.9479,71.6269
600,66.3438,107.992,81.7468,69.0409
660,65.2215,105.299,80.8455,70.583
720,65.5253,105.867,84.5497,71.4876
780,66.7802,107.831,82.9874,68.4258
840,63.8866,104.671,84.2676,72.1573
900,61.3603,86.3309,63.651,57.6297
960,61.7249,85.7122,64.5381,52.7531
1020,61.4781,85.3127,65.6941,57.5056
1080,59.5806,89.112,66.0406,54.5559
1140,60.3322,106.894,68.4932,67.529
1200,60.1003,108.344,66.5059,71.2822
1260,61.1234,107.232,81.0517,70.6628
1320,60.4297,104.411,83.7712,72.0299
1380,62.3281,104.201,80.1571,68.4305
1440,60.467,108.622,84.7948,70.2272
1500,59.8893,104.455,81.4328,72.9309
1560,55.0099,110.951,82.5326,70.7854
1620,54.1933,79.6663,56.8748,49.7519
1680,51.3579,80.8419,39.4785,51.3601
1740,49.5877,77.2766,39.1186,46.4594
1800,50.7899,76.6022,40.2556,47.9094
1860,49.3537,78.4246,55.2261,45.3034
1920,54.854,72.4395,56.6577,47.2359
1980,51.7341,67.2391,54.0186,48.2843
2040,51.7251,72.6304,57.2195,50.4041
2100,53.0864,69.9107,53.2498,48.5511
2160,51.5352,74.5018,52.2246,51.9065
2220,54.2426,72.4257,53.0233,51.4656
2280,52.819,71.7547,52.0716,46.2069
2340,46.9886,53.0365,41.5732,32.5789
2400,50.2836,54.4888,43.3335,33.8621
2460,46.4161,49.9014,38.9188,35.2595
2520,50.8379,56.4003,36.7072,37.5978
2580,50.6858,52.5075,42.4804,36.0577
2640,46.8768,53.8513,41.4129,35.6021
2700,47.6529,52.1731,44.7065,39.0515
2760,54.1464,64.7474,59.0754,36.3432
2820,48.2562,59.8926,44.612,31.6236
2880,45.0459,60.7292,47.0793,32.4387
2940,50.9549,58.5513,46.0242,35.1865
3000,51.5601,58.7492,45.7824,39.4296
3060,46.519,58.4506,45.5866,33.0569
3120,47.2757,60.0076,42.1701,35.8371
3180,47.1631,62.497,50.2453,32.2466
3240,50.1029,60.073,40.7802,36.6063
3300,47.0504,59.1516,45.676,34.8528
3360,48.7965,60.9773,50.8717,33.029
3420,50.2415,54.0555,45.8271,34.4346
3480,60.0991,62.6431,48.1759,31.2941
3540,57.7084,62.1489,48.6188,37.9331
3600,56.8724,66.3174,53.0034,35.295
3660,60.6178,62.6479,50.3617,34.2795
3720,61.3804,63.7666,51.5761,33.8285
3780,63.6616,69.1569,54.8675,36.8368
3840,69.3649,66.4426,49.3121,34.0555
3900,71.3389,70.0561,56.705,38.1073
3960,65.3122,68.5814,52.8899,36.7057
4020,69.0674,74.1254,54.668,31.5071
4080,69.2768,72.9828,54.6266,34.6284
4140,70.9341,72.2236,57.2798,36.925
4200,69.6742,72.3245,55.1272,34.5964
4260,73.0862,75.3042,52.8785,33.4575
4320,70.3801,74.3218,49.4373,37.3486
4380,64.9514,78.7599,48.8909,34.8633
4440,65.0156,70.9991,55.5833,32.8091
4500,61.4956,73.1037,50.9439,37.9047
4560,64.6886,72.1069,50.1937,35.7927
4620,63.5728,72.2109,54.9707,33.4378
4680,61.0558,74.7735,53.7731,37.6187
4740,65.7384,72.0284,53.3905,38.6029
4800,62.8175,73.8216,49.8223,35.41
4860,66.0379,73.3814,46.437,37.0669
4920,61.8524,70.6031,58.0319,31.8235
4980,59.7552,74.1778,49.077,37.3434
5040,63.2801,73.7045,52.3916,34.3497
5100,66.7981,69.6463,49.1759,34.9488
5160,63.1378,73.7248,50.3178,36.9154
5220,65.1645,70.4819,52.6545,32.0053
5280,66.8542,72.8482,49.2323,36.3961
5340,64.0464,75.3837,50.2305,36.1153
5400,68.8234,76.2706,52.0259,34.9309
5460,66.4734,71.0235,50.5186,35.5727
5520,66.6968,73.5842,54.3652,32.3649
5580,64.6371,72.0322,50.7914,35.8904
5640,69.3264,69.1839,49.1256,35.9204
5700,71.7826,68.4895,47.3584,33.891
5760,69.0562,67.9082,50.8416,33.1109
5820,65.1662,71.5923,48.9342,35.3248
5880,69.9894,67.7729,48.5102,31.4754
5940,65.7688,70.8727,45.4295,33.4371
6000,69.3167,72.7666,50.0619,31.2948
6060,69.6769,72.9697,53.1577,32.511
6120,69.8173,74.2492,48.0357,32.3836
6180,68.7458,69.8637,51.4416,31.8714
6240,68.5756,71.089,49.062,33.305
6300,70.6854,78.2829,53.375,30.7935
6360,66.3124,69.4967,45.573,33.7043
6420,67.3258,73.3115,50.5708,35.4019
6480,71.3311,71.932,49.9627,33.2127
6540,66.3568,72.4889,50.3039,32.1642
6600,67.0614,69.9763,53.2667,32.5409
6660,68.7496,69.8307,48.6315,32.103
6720,68.154,77.2453,47.8706,31.8565
6780,68.6955,70.2389,49.3843,33.6759
6840,68.8768,73.2767,49.7864,30.8989
6900,70.3273,70.8925,52.0039,29.9825
6960,66.1554,69.3998,48.3329,33.6301
7020,66.5296,70.8836,49.8861,31.4798
7080,72.3087,71.6019,48.2656,31.8305
7140,71.0744,72.875,49.9551,35.5374
7200,73.6442,70.9708,50.7877,32.8132
7260,74.3817,72.1205,48.1182,34.6059
7320,78.0875,72.3515,49.5916,33.2606
7380,74.9719,71.5831,46.7738,31.3971
7440,77.236,72.945,46.326,32.0863
7500,76.7475,74.96,50.7916,32.7512
7560,75.8581,74.0724,48.2519,32.9878
7620,78.6033,76.8319,51.3417,34.4956
7680,74.7167,72.4033,52.5686,30.6169
7740,76.2294,74.2116,46.2334,29.9281
7800,73.6056,75.7629,45.971,34.932
7860,74.7646,73.2402,46.8296,34.124
7920,77.8925,73.8336,48.0689,34.7623
7980,76.41,71.2015,48.5717,31.7666
8040,76.5464,76.0607,50.8364,34.4487
8100,74.5564,74.4537,49.6481,31.5405
8160,60.6906,61.1162,39.5105,34.4389
8220,59.9938,56.6807,34.7844,32.8395
8280,58.0094,57.3563,34.2532,30.0463
8340,60.092,58.94,38.1023,32.5307
8400,60.312,55.5756,35.7201,30.1161
8460,58.1563,55.5147,36.0795,31.1371
8520,58.5857,56.5571,33.7877,29.9337
8580,61.9611,56.8806,36.1068,29.7274
8640,57.5916,83.6202,54.687,51.5995
8700,56.9169,82.449,57.9614,51.2875
8760,58.0237,83.0376,54.5708,51.8334
8820,58.5971,85.4545,57.9424,52.9484
8880,58.1024,85.9427,57.1939,52.1136
8940,57.387,82.3903,57.9041,51.89
9000,59.2747,85.2318,56.0575,52.6105
9060,58.0272,85.7097,56.7229,52.6031
9120,58.4841,84.473,57.537,52.4329
9180,60.4716,84.1669,56.9129,51.4582
9240,60.7477,84.5476,56.358,52.1222
9300,59.1412,82.9553,54.269,53.873
9360,58.0618,84.5267,55.4545,52.4702
9420,60.4667,82.0027,57.741,52.4321
9480,60.777,82.4477,58.6241,51.6997
9540,57.3379,84.0137,57.6667,52.7619
9600,57.6598,83.8688,54.4298,51.1738
9660,57.2189,84.4051,55.5044,51.045
9720,58.1154,84.9306,56.197,53.8831
9780,57.0725,83.5184,57.7445,52.2244
9840,57.2281,81.8413,58.1737,50.8325
9900,57.4627,84.5879,56.3231,51.2584
9960,60.5826,83.6093,55.9265,51.0089
