Time,FC,PAS,PAM,PAD
-1,68,104,86,66
0,74.8,114.4,94.6,66
60,76.0985,113.562,93.1417,66
120,73.838,112.351,96.4011,66
180,81.7618,114.725,103.368,66
240,75.8825,114.658,94.3643,66
300,74.2552,112.792,95.2235,66
360,75.5857,116.731,95.9791,66
420,74.1033,116.657,96.0767,66
480,75.6202,115.257,92.1544,64.4618
540,74.0255,113.179,95.8038,64.2521
600,73.2384,116.059,98.6935,67.6475
660,73.4492,114.959,96.6006,67.3975
720,75.3567,114.597,95.3275,64.6864
780,72.1988,110.624,93.6836,69.9201
840,72.5024,95.3348,75.7519,47.4961
900,70.4437,87.1501,75.8578,49.8166
960,71.206,95.7994,75.2141,49.2371
1020,71.1207,91.2376,77.0298,52.1652
1080,68.756,114.67,74.8,68.1368
1140,67.6922,113.458,78.5214,66.3597
1200,61.1965,79.2524,71.9158,46.3898
1260,58.7056,82.3567,50.4936,44.1944
1320,54.3086,83.2421,47.887,43.9218
1380,54.8435,82.1218,48.2276,46.3726
1440,60.3573,79.3111,71.7026,47.5647
1500,60.5923,77.9735,65.6239,44.9584
1560,64.4226,78.4449,68.5719,41.2772
1620,61.5347,76.7239,64.8091,47.7658
1680,61.0403,79.3637,69.5231,47.909
1740,60.0546,78.3151,67.32,44.8734
1800,60.5218,79.1306,69.7446,50.7169
1860,60.4524,80.2652,71.071,45.8083
1920,54.3326,53.0439,47.014,34.2825
1980,54.8504,54.14,45.5848,32.6917
2040,53.0864,55.5398,49.9008,36.2244
2100,52.8401,50.1184,47.5906,28.7308
2160,57.7875,59.9343,54.907,32.7354
2220,69.0282,69.349,70.6859,30.2022
2280,61.0249,63.1788,56.2995,29.3386
2340,59.2491,53.5748,54.6559,32.1522
2400,59.0597,59.4023,50.4303,36.1625
2460,61.9596,56.5119,54.5336,31.9876
2520,62.2366,60.4469,52.5815,31.7892
2580,57.2899,58.3662,54.2874,29.775
2640,56.7183,54.4931,54.6017,32.6821
2700,57.6332,57.1233,53.0059,30.834
2760,66.8093,70.5937,67.0853,29.5279
2820,65.5225,70.5555,63.929,29.3788
2880,65.8916,68.7232,65.6531,30.8304
2940,70.4765,70.8312,63.5328,35.5959
3000,68.4335,63.5133,66.5961,34.0355
3060,68.2533,74.0366,66.0392,32.67
3120,77.0145,79.9979,68.4203,34.4268
3180,75.3863,74.8639,70.1081,32.2643
3240,80.2456,71.1922,65.4062,33.9355
3300,80.8326,72.6664,68.8556,33.2389
3360,87.0097,79.5002,76.1511,33.4395
3420,84.5937,75.1758,74.4705,32.8199
3480,84.4706,81.1251,74.1151,32.6411
3540,85.9382,78.9162,73.6747,34.1326
3600,87.1438,79.035,74.4899,34.573
3660,83.7246,72.8192,70.749,31.2421
3720,84.9023,77.2287,70.7057,31.0516
3780,82.107,81.632,73.5856,34.1547
3840,80.8279,75.7199,73.9015,34.7491
3900,77.3562,75.9089,71.3951,35.5865
3960,77.0777,78.7307,76.7079,35.5142
4020,78.5206,79.8482,76.4893,34.1116
4080,77.9883,78.6825,73.465,33.5213
4140,75.164,78.5127,75.5886,31.2559
4200,77.7242,78.6434,73.5935,31.9053
4260,79.5288,77.9148,70.4136,34.3102
4320,79.117,73.6563,72.0357,37.2096
4380,74.5614,78.0106,72.9582,33.2794
4440,75.8196,76.3382,72.958,33.4841
4500,80.2069,79.128,72.4972,34.4728
4560,81.1885,73.7372,72.6521,33.9914
4620,82.7299,77.1495,76.9338,31.6547
4680,83.0821,79.0054,73.9469,32.5097
4740,83.3926,77.2401,74.8046,33.0034
4800,83.8037,77.3603,77.3296,35.8613
4860,84.7451,79.8405,75.1611,35.5213
4920,84.7251,80.4654,78.3628,33.3347
4980,84.9976,76.7885,73.3351,33.7184
5040,82.0569,75.3636,76.7052,37.6535
5100,82.0011,74.4109,73.9581,35.21
5160,80.0565,72.9109,77.7066,34.0496
5220,85.3941,73.5861,73.0952,35.0972
5280,83.9828,74.0803,72.651,31.9113
5340,81.9624,70.8728,75.2648,32.3027
5400,83.8449,78.6603,73.4134,31.7691
5460,85.1156,77.1803,73.8714,34.3503
5520,82.9899,78.4985,76.6276,31.1019
5580,82.289,74.3558,73.8128,33.0886
5640,81.8779,72.1671,75.7132,34.5528
5700,81.5737,74.6958,75.0342,33.1085
5760,80.7755,73.9546,79.0593,36.1723
5820,81.2696,74.5077,75.3725,35.4619
5880,80.2176,73.9164,77.9875,36.1475
5940,84.6471,75.1446,75.8656,33.8523
6000,83.5208,79.128,74.1945,31.4535
6060,88.0938,76.1704,76.7387,35.9759
6120,86.7921,75.5317,76.0884,35.9518
6180,90.0495,76.3301,74.8858,35.3473
6240,92.313,72.8304,75.5641,32.9744
6300,90.466,77.3195,76.3348,35.6866
6360,92.0708,77.5913,75.5091,32.9955
6420,92.0256,76.8945,78.5369,32.8142
6480,89.9801,73.7649,76.6962,32.5532
6540,92.3949,73.284,78.1003,33.7884
6600,91.7966,73.9278,77.0586,34.4138
6660,74.0169,59.7825,61.7957,33.5153
6720,72.1056,59.2996,61.298,36.261
6780,71.1312,61.115,62.2734,32.632
6840,72.1554,57.4707,57.6376,34.3103
6900,71.7961,54.0261,58.9454,35.9346
6960,70.8173,58.5292,60.1363,33.2158
7020,69.9247,56.875,58.8403,35.8726
7080,73.026,58.8848,57.9151,35.6902
7140,71.1271,57.812,60.7632,35.7264
7200,69.9863,55.8198,59.4011,33.3365
7260,73.6989,55.2856,57.9356,34.9194
7320,66.6026,49.4177,54.1233,34.2423
7380,70.4365,83.9582,74.7148,55.2163
7440,70.2655,81.5072,77.0634,54.0147
7500,71.0973,82.9615,74.5421,54.1172
7560,69.7953,83.4393,74.4724,54.8419
7620,69.3591,82.0383,75.1371,53.06
7680,70.713,86.3144,75.2852,54.4433
7740,69.6147,84.4943,74.084,52.9312
7800,68.8861,81.5311,75.964,54.28
7860,70.9245,85.2716,74.2812,56.3899
7920,71.8701,86.1916,75.0746,54.0569
7980,69.7689,83.8044,76.9184,54.553
8040,72.211,86.2554,74.1925,52.478
8100,69.1387,83.4077,74.6157,54.8778
8160,70.1862,84.1971,74.1281,54.8204
8220,69.4303,81.8637,76.5494,53.1432
8280,69.3885,82.5668,76.2625,55.399
8340,72.6471,85.085,76.2838,55.8079
8400,71.3261,86.2106,74.603,56.2826
8460,70.1637,89.5284,77.1178,53.6552
