Time,FC,PAS,PAM,PAD
-1,64,104,105,88
0,70.4,114.4,115.5,88
60,69.2184,115.3,116.015,88
120,71.7085,113.899,114.724,88
180,76.5901,111.994,125.548,88
240,71.4838,115.111,126.619,88
300,71.2096,113.013,114.405,88
360,69.5557,116.662,115.279,88
420,71.4165,116.484,116.124,88
480,70.4838,114.524,114,87.9539
540,70.6195,113.305,117.011,87.023
600,70.8431,118.921,117.425,86.1497
660,67.0313,116.301,117.665,88.9291
720,70.0364,119.806,115.639,89.3466
780,72.9665,115.554,116.186,89.7267
840,67.0905,115.977,113.387,89.5018
900,68.7814,90.1482,90.2121,66.9031
960,69.4539,89.6271,93.3968,66.1116
1020,69.5423,94.223,94.2686,70.6556
1080,62.969,89.9165,90.0959,67.8845
1140,61.7674,85.3997,118.892,70.5755
1200,66.5831,95.2932,117.504,85.4815
1260,65.2668,117.597,113.467,90.8564
1320,62.1998,108.929,112.603,87.7309
1380,63.1882,113.454,116.635,88.1694
1440,54.8724,76.0981,81.1363,66.0864
1500,53.173,79.7342,58.2792,63.6435
1560,50.5875,86.5265,54.3014,64.3386
1620,51.4844,80.2887,54.8647,60.8439
1680,57.0439,74.4108,78.4808,59.8415
1740,52.9835,78.4778,80.6268,55.6461
1800,55.0207,76.6445,82.167,64.9589
1860,53.2708,74.6829,80.3352,62.6935
1920,53.2898,70.9225,74.5758,59.0652
1980,52.4098,73.2295,77.3407,62.5389
2040,56.449,80.8619,80.2423,60.8444
2100,54.0527,77.1163,76.4394,60.2529
2160,48.4111,54.8318,54.6131,44.3678
2220,51.4424,56.3155,59.7312,46.9964
2280,49.6084,54.8446,57.7786,42.209
2340,52.4842,55.6189,59.3261,44.9565
2400,61.7205,68.6083,78.0336,46.7254
2460,51.7682,55.7296,64.8002,43.86
2520,52.4891,63.5002,60.472,43.9633
2580,51.1393,55.1694,60.03,45.1714
2640,54.4578,59.1827,61.668,37.002
2700,52.9083,56.6663,60.9711,43.653
2760,52.5342,59.1943,59.001,46.4376
2820,49.1228,65.8639,59.1655,42.231
2880,53.3792,54.5432,63.8311,42.0063
2940,50.9182,57.0056,61.8515,41.9974
3000,53.4276,61.0247,58.9377,44.2423
3060,61.251,70.1558,70.8743,45.9467
3120,60.703,66.4314,73.7647,45.1103
3180,62.3193,71.4986,70.9753,45.0503
3240,62.2283,63.1605,67.9835,44.4682
3300,64.0619,71.2522,76.4202,41.4628
3360,68.8695,71.0739,77.166,44.0186
3420,63.7221,72.8882,79.1453,46.3105
3480,66.0022,77.1396,76.967,46.2989
3540,65.0447,74.3709,77.3402,46.7979
3600,63.7029,79.0475,80.0676,45.6394
3660,64.3085,73.7205,77.8438,44.9815
3720,64.5238,75.5133,81.0036,42.8121
3780,69.9061,78.4002,79.8605,42.7848
3840,69.348,76.9673,82.5209,47.8355
3900,70.2475,76.2679,82.6025,44.6788
3960,71.4865,76.651,79.8572,40.308
4020,71.4457,76.1241,77.6668,48.1362
4080,66.1396,70.1181,75.4755,42.8472
4140,70.3827,75.9105,85.5767,46.901
4200,65.2349,77.615,79.6183,44.0244
4260,67.6908,81.6817,82.8913,42.7967
4320,68.4691,69.3303,82.6997,45.9133
4380,69.114,78.4802,80.9075,42.6413
4440,64.612,76.0071,82.1836,41.7562
4500,68.2792,79.6592,77.638,48.1092
4560,63.63,70.9261,77.5024,43.6891
4620,66.0969,79.6571,74.1276,44.6162
4680,64.5678,75.0584,82.1889,49.4029
4740,64.2783,74.397,78.3472,49.7159
4800,65.1735,73.7145,81.0156,44.4682
4860,66.7576,73.5751,78.08,47.5679
4920,64.3035,73.8141,79.8777,42.9079
4980,68.1569,85.0384,80.9493,46.523
5040,65.1176,73.4578,78.4851,45.2471
5100,70.712,76.5913,84.8344,48.9843
5160,68.1131,70.8326,78.281,46.5837
5220,72.0291,75.1224,81.1489,42.5185
5280,71.262,72.2292,79.0396,40.5652
5340,71.3945,80.2722,78.4662,44.6743
5400,74.461,67.2668,78.5686,44.4312
5460,73.8617,70.723,78.5653,42.3573
5520,73.8308,78.0587,76.2983,43.8167
5580,74.0005,68.2691,79.3929,43.2307
5640,74.7957,77.1613,75.6955,47.3567
5700,70.6031,75.5523,80.8194,47.168
5760,74.1783,80.511,79.6726,43.5252
5820,73.9073,74.6593,83.3123,47.6538
5880,73.3387,72.7753,81.0454,44.4046
5940,74.4173,77.82,83.9089,46.1877
6000,71.5531,74.5466,82.0454,46.1912
6060,71.7125,80.6103,81.172,43.413
6120,73.3881,75.3131,84.1049,46.1959
6180,71.075,71.6272,83.7735,43.1224
6240,74.5139,69.3978,80.7515,45.2768
6300,73.973,73.8442,83.0272,41.5975
6360,73.2128,73.1121,79.7621,49.6677
6420,75.5138,70.4488,80.0678,44.7908
6480,75.397,78.9775,79.2344,45.4688
6540,73.6282,74.8211,83.7626,44.2963
6600,73.6991,74.2879,84.1428,44.8825
6660,73.1577,73.8069,77.5397,43.8775
6720,74.2707,78.388,82.6554,43.4985
6780,76.0753,72.1932,81.8443,44.4475
6840,61.2693,64.061,60.3553,45.636
6900,60.6608,60.047,65.5097,47.7887
6960,64.7997,55.1063,67.2172,44.7415
7020,66.2975,53.8067,62.6076,47.5018
7080,65.9239,59.2882,63.7794,47.5351
7140,66.2691,62.9007,62.5347,47.036
7200,68.2316,60.2957,63.3469,48.6944
7260,66.4321,59.5158,63.1977,47.2855
7320,66.6713,59.044,61.7749,46.3137
7380,66.2247,58.6759,61.6181,48.0131
7440,66.6824,91.2521,88.9355,74.0345
7500,64.3382,90.7707,89.5469,71.4549
7560,67.2701,86.4373,91.6494,73.2028
7620,67.2573,89.5829,91.4305,75.7832
7680,64.1405,90.3489,91.142,73.7673
7740,64.1333,89.7838,87.2225,74.0745
7800,66.9964,89.5221,91.6016,72.7817
7860,66.6744,88.3375,86.9272,74.2405
7920,64.564,88.4328,88.1053,72.8357
7980,64.3666,90.7436,88.685,71.9639
8040,66.7256,87.5703,89.6876,75.0692
8100,66.7115,88.5822,91.055,75.4163
8160,64.2273,89.9753,89.1451,72.1189
8220,64.6507,89.0847,90.8628,71.9776
8280,64.0615,90.3206,89.2215,75.2627
8340,64.0877,88.802,89.5109,72.5042
8400,66.7532,90.6971,89.8859,75.7708
8460,65.5104,91.9298,87.4869,72.7571
8520,64.5182,90.1266,87.5917,71.4252
8580,64.1137,92.0276,91.6044,72.0929
8640,65.7979,88.1062,88.5949,74.8823
