Time,FC,PAS,PAM,PAD
-1,78,99,71,63
0,85.8,108.9,78.1,63
60,85.9413,107.277,77.3243,63
120,86.7344,106.544,77.1773,63
180,95.57,107.717,86.8792,63
240,93.0156,109.33,87.5341,63
300,84.3729,109.363,77.9913,63
360,84.1446,109.337,78.2316,63
420,85.4862,108.385,77.5287,63
480,87.5919,112.169,78.4654,61.7503
540,89.2892,109.348,79.7646,62.5798
600,86.7066,109.907,77.6743,64.3538
660,86.8937,113.958,79.1388,62.2604
720,85.678,109.082,75.4832,62.1427
780,83.1862,106.392,78.1431,64.0759
840,85.7646,103.928,74.8965,60.7986
900,102.117,96.5032,69.4004,57.0729
960,104.881,85.6512,64.7326,57.6995
1020,103.723,84.0296,65.1491,56.107
1080,97.6329,88.4801,60.5813,60.8706
1140,102.323,91.9251,68.2149,62.1459
1200,97.5971,93.2179,64.0473,56.0955
1260,100.475,89.7659,62.8457,61.0016
1320,98.8115,90.0001,61.0587,56.9923
1380,96.1347,93.2517,62.7252,61.2234
1440,97.754,90.9252,65.1549,59.5261
1500,100.013,93.2448,64.8325,58.803
1560,99.612,92.3604,63.8817,60.2905
1620,90.9085,67.4898,43.9521,41.6873
1680,86.5326,64.0231,30.5808,40.4136
1740,86.1219,69.047,28.3675,39.651
1800,84.191,69.4171,33.9444,44.9786
1860,84.9077,74.4805,35.8545,40.5484
1920,92.8238,67.3227,47.5915,39.9132
1980,91.5869,64.5106,44.0659,42.8583
2040,92.3001,68.6984,46.6622,45.6174
2100,92.8976,63.4723,49.9141,43.3988
2160,93.4177,71.2,52.6096,40.2406
2220,83.2866,44.0131,31.5178,29.007
2280,85.3608,45.3116,32.4446,27.7255
2340,84.4992,43.1297,34.5345,26.8913
2400,89.1634,44.4466,36.2983,32.3245
2460,91.1301,51.4475,35.1452,30.9615
2520,89.1272,51.6704,41.2103,28.18
2580,103.374,54.4406,47.9683,28.7145
2640,85.4557,46.3736,35.3865,29.1837
2700,90.0009,57.5554,39.868,27.678
2760,89.6984,53.181,42.5134,31.1814
2820,87.5948,62.6858,41.0534,31.4138
2880,87.4742,56.2777,39.3186,31.8351
2940,83.3454,56.6451,38.0148,31.8956
3000,90.9763,53.6862,33.7032,28.8603
3060,87.5497,55.9501,36.9944,25.545
3120,86.2634,50.8339,37.6836,30.7534
3180,86.2611,56.7092,34.7585,26.9088
3240,87.2105,58.63,36.6507,29.527
3300,86.4788,52.6229,36.626,32.5291
3360,88.2541,52.8717,39.0953,30.6714
3420,83.588,54.8436,35.8107,31.1662
3480,85.7668,56.0457,40.5245,27.7528
3540,87.4791,59.1381,42.3568,33.777
3600,88.487,57.2924,37.4808,30.3236
3660,91.217,48.8796,35.016,31.3314
3720,106.376,60.6299,39.7622,34.1937
3780,105.001,68.643,43.214,28.7335
3840,105.274,63.0468,36.5518,30.1895
3900,104.643,56.4076,38.0736,28.245
3960,105.008,60.7638,39.3434,27.7117
4020,115.3,63.8942,44.337,27.7849
4080,116.959,62.1964,46.8369,29.0339
4140,117.749,64.3016,44.0255,27.3641
4200,120.247,58.4728,43.1549,27.7414
4260,123.586,52.758,49.6502,29.9042
4320,125.686,61.5241,39.4941,30.2973
4380,124.284,68.8867,43.7772,32.2251
4440,125.066,59.4258,44.134,27.9411
4500,134.301,64.3242,44.3388,31.4998
4560,133.142,57.8759,38.1136,30.656
4620,127.545,62.1528,48.5565,28.1848
4680,129.083,59.6315,48.017,30.9711
4740,125.447,57.1484,46.8228,28.7425
4800,120.293,59.7382,44.3861,27.9024
4860,122.131,66.0993,42.1369,26.145
4920,120.18,57.7334,42.5547,28.141
4980,118.2,56.4546,48.5344,31.7028
5040,118.72,53.2302,43.8885,29.2453
5100,120.774,59.0659,42.8933,27.293
5160,118.453,59.527,48.3824,29.5122
5220,120.965,63.5395,47.5311,27.1708
5280,120.238,65.7973,45.971,31.411
5340,123.277,58.4101,48.2352,29.4402
5400,121.595,55.6858,48.2672,30.8473
5460,121.961,54.4934,43.8074,28.7555
5520,122.031,63.6616,42.5973,31.6364
5580,124.274,63.2278,41.145,32.1979
5640,131.09,64.6702,43.7655,34.6493
5700,124.99,60.1828,44.7219,25.9516
5760,124.842,61.0438,47.1483,30.5577
5820,125.445,65.3173,43.1913,32.386
5880,130.157,63.7131,43.5377,26.0093
5940,129.645,60.1726,43.0677,30.9178
6000,132.169,60.4744,46.2606,28.121
6060,130.977,67.615,39.101,31.072
6120,129.319,70.8939,42.5067,31.0458
6180,132.296,68.4713,41.2209,29.9583
6240,131.05,63.145,38.8793,28.6231
6300,131.009,71.184,46.241,30.8
6360,134.303,65.6048,44.8492,32.1151
6420,136.729,71.214,48.9854,33.0218
6480,138.844,65.9798,45.167,29.5784
6540,136.592,70.7679,45.5597,25.1152
6600,137.759,70.1038,45.0553,26.2236
6660,137.615,67.995,45.8276,31.1066
6720,138.11,64.8033,45.8591,27.9683
6780,136.309,69.6776,46.4529,28.8555
6840,132.154,69.6171,46.4946,30.6333
6900,135.925,71.2942,44.5008,25.8565
6960,133.722,71.6767,46.3567,25.4408
7020,132.847,71.328,43.886,26.2969
7080,132.602,66.5338,44.8571,27.4491
7140,136.286,69.6961,48.3051,29.1525
7200,137.485,65.5982,47.371,32.3497
7260,137.61,68.3868,46.2893,27.6293
7320,134.434,69.0257,47.2908,30.638
7380,134.075,64.5582,44.9677,29.312
7440,139.754,69.8997,46.4439,32.701
7500,135.94,68.7436,45.8541,29.5081
7560,134.339,64.6053,44.7981,33.1673
7620,139.316,64.2064,47.6825,30.4261
7680,142.766,63.1066,45.8607,30.9869
7740,142.922,58.8533,45.5923,30.401
7800,148.311,65.5757,45.4168,31.4719
7860,117.187,51.2272,40.9961,29.2305
7920,121.683,51.4351,38.1809,30.3836
7980,124.829,44.2529,33.2096,30.1607
8040,121.815,48.055,38.2776,29.8918
8100,118.632,44.9005,35.5418,29.941
8160,118.22,48.9906,35.6394,30.5554
8220,118.212,50.1005,36.427,27.6506
8280,118.211,50.8229,35.9393,27.63
8340,116.389,74.2719,51.1206,45.3521
8400,117.126,71.6373,51.7333,46.8345
8460,116.682,74.5997,48.7036,47.7257
8520,114.758,72.7904,51.562,48.6818
8580,117.521,71.2732,49.9621,45.739
8640,114.305,70.0962,48.8022,48.5037
8700,118.298,74.1825,52.6489,45.2948
8760,117.102,72.2984,48.7065,46.2073
8820,116.488,73.4406,49.3749,46.3166
8880,115.512,68.6164,51.3179,48.9016
8940,114.294,73.7156,50.8709,46.1211
9000,114.566,66.0106,46.3936,45.4928
9060,115.805,67.2324,48.1116,47.5857
9120,115.834,68.022,49.351,47.3028
9180,114.683,68.5817,49.7791,45.2251
9240,113.816,63.6092,48.3565,47.7574
9300,115.652,69.1788,46.8906,44.6757
