Time,FC,PAS,PAM,PAD
-1,60,100,87,84
0,66,110,95.7,84
60,66.0657,109.142,94.6344,84
120,66.8081,107.924,96.079,84
180,71.8636,108.951,103.915,84
240,72.8898,110.043,103.437,84
300,64.8752,111.519,97.9286,84
360,64.96,112.643,97.7859,84
420,65.3926,110.578,96.4655,84
480,66.334,109.632,97.6323,83.6297
540,66.8706,114.535,93.2021,86.1405
600,68.3355,112.82,94.859,84.9343
660,65.4836,109.571,94.1392,83.6955
720,65.9551,105.541,98.7604,84.2276
780,66.0089,114.762,97.7437,84.4203
840,65.5751,109.938,91.6703,83.3935
900,64.9573,106.581,95.8087,84.1449
960,63.6997,93.3332,76.5857,68.8588
1020,60.0264,88.9845,70.3629,65.948
1080,63.4566,85.0749,80.3171,69.8037
1140,60.454,90.3988,75.0183,67.9933
1200,56.8216,96.1413,99.998,71.4164
1260,60.2632,82.8979,95.4405,65.5149
1320,56.9023,114.631,96.7615,83.1874
1380,58.761,108.447,97.4251,81.5117
1440,61.3571,114.624,96.7684,82.8424
1500,59.6251,120.929,99.4363,86.5299
1560,57.8187,114.545,97.4758,86.5221
1620,62.1858,104.223,89.969,87.378
1680,62.2686,106.605,95.3411,83.5785
1740,59.3089,113.185,95.26,80.6588
1800,61.2142,113.032,90.1225,84.9165
1860,56.2945,78.4914,65.0632,56.1118
1920,50.9713,78.7648,44.0942,59.4191
1980,49.6203,74.8315,45.7915,52.9975
2040,49.8609,81.2664,41.4407,58.9831
2100,54.3362,77.61,60.7379,60.0002
2160,56.7108,74.5118,64.7926,60.8536
2220,55.554,81.0084,64.4853,62.4673
2280,53.8184,73.0412,64.6981,59.8771
2340,53.8436,69.5295,61.7394,58.0748
2400,53.416,69.6519,62.2227,55.1964
2460,54.4066,79.3091,62.3099,58.1063
2520,54.3802,73.181,62.1085,58.2458
2580,47.9423,51.5894,50.0454,41.5717
2640,50.3437,57.1467,51.1032,39.8858
2700,51.0158,57.5058,43.7075,42.5336
2760,51.9135,53.0965,51.0605,43.1255
2820,50.8114,56.2087,50.3523,45.786
2880,47.9591,53.8487,48.9887,40.1461
2940,48.3389,51.3722,45.5946,46.3681
3000,48.274,52.449,49.2527,42.297
3060,49.2887,57.2564,53.3938,38.1808
3120,54.0088,53.5295,51.4444,40.6472
3180,53.2581,56.7653,52.1058,41.5835
3240,65.3869,67.5424,62.7688,41.1557
3300,57.4069,58.3678,58.0906,41.1411
3360,56.7347,61.7169,59.3994,35.4771
3420,61.1789,57.4295,49.9458,38.5694
3480,58.1953,54.0533,61.0114,42.8947
3540,60.2082,63.8543,63.2164,35.3055
3600,59.7866,59.9056,61.3074,38.8116
3660,56.5213,55.8829,57.0679,44.3844
3720,58.535,54.6964,56.9703,42.5569
3780,55.1571,49.6481,56.2709,36.7731
3840,60.3996,54.6744,55.8748,38.9944
3900,58.4617,58.5811,53.4386,39.4611
3960,59.8815,55.3865,59.8474,40.8249
4020,60.8424,58.9009,53.787,40.8318
4080,58.2916,51.2348,54.7508,42.5049
4140,58.4915,61.6275,54.5182,39.7767
4200,57.8793,59.5058,54.966,41.4352
4260,58.7341,63.4401,57.1389,42.6839
4320,56.8632,57.6498,57.2869,41.3446
4380,57.7717,56.0518,62.1202,41.2076
4440,58.6951,55.6541,51.6024,39.937
4500,57.1715,58.1809,50.3407,43.762
4560,57.0203,55.4636,56.4812,42.7897
4620,57.7223,59.0742,51.8769,42.6655
4680,58.3958,52.026,60.2773,37.7797
4740,58.6072,57.4063,56.0952,40.8306
4800,59.7146,51.3028,59.5726,43.0584
4860,62.7753,54.6014,56.6976,37.5737
4920,60.1258,61.5171,55.334,39.8611
4980,63.981,55.2307,53.5265,41.6354
5040,78.0303,67.1578,63.8408,41.9801
5100,73.9095,64.4325,66.1869,42.9069
5160,74.3382,70.2583,59.9982,40.672
5220,77.1998,68.7151,62.7405,42.7701
5280,74.2002,66.6935,64.1706,42.0767
5340,81.7007,65.4416,70.2374,41.409
5400,80.3215,69.6472,67.1482,43.7824
5460,80.9178,75.7604,67.6219,41.055
5520,78.0542,70.7426,68.0507,39.6637
5580,80.197,73.7896,72.0163,37.6839
5640,84.1912,75.2014,73.1292,42.5968
5700,83.8892,75.1335,65.7176,43.6485
5760,79.0051,75.11,72.4306,39.3996
5820,84.149,77.6784,65.5727,41.9702
5880,83.3534,74.0591,67.646,36.457
5940,78.0674,59.4118,74.0954,41.0192
6000,77.4563,67.8323,66.6485,39.8507
6060,79.2536,70.2587,73.7448,38.4605
6120,76.7749,71.7347,75.6797,42.826
6180,74.7385,65.5145,69.3588,42.4825
6240,75.5912,63.4443,74.2465,43.1682
6300,76.3614,67.0389,66.4566,39.4468
6360,77.0077,70.1316,71.2828,40.2827
6420,77.0363,69.0839,66.5164,41.1676
6480,75.3494,66.6785,74.6677,39.3203
6540,74.1093,69.5109,76.3791,40.0935
6600,72.1199,66.397,69.5099,39.2191
6660,74.6096,63.9445,71.1905,40.3302
6720,77.2699,71.3133,72.363,38.4979
6780,74.1292,68.2123,69.1435,44.4913
6840,75.2558,64.9626,70.8577,36.9211
6900,74.7612,70.159,68.839,42.8222
6960,74.6571,66.306,74.2041,42.3507
7020,76.1215,70.3326,73.8883,41.9628
7080,74.6495,71.4654,72.4956,40.0756
7140,77.0649,62.1505,74.8327,37.2102
7200,78.0011,68.954,72.7249,38.9391
7260,76.3316,69.227,71.2836,41.4813
7320,75.2717,68.0739,69.3731,42.6826
7380,77.2242,71.049,69.6672,41.6558
7440,74.3092,66.7456,70.8521,36.2326
7500,75.9314,70.758,74.9807,41.1173
7560,74.7773,73.3779,72.6612,43.4109
7620,75.7569,65.2118,75.8726,40.5537
7680,75.9915,64.6534,69.5682,38.3417
7740,75.7887,62.5015,71.7246,39.4403
7800,73.43,75.918,72.1336,39.8138
7860,75.4589,65.0951,69.43,40.8647
7920,77.7182,66.5581,73.0716,35.8782
7980,74.7529,67.8242,70.6155,38.7188
8040,76.9558,64.7877,67.9855,40.4933
8100,78.3033,68.4833,73.0682,42.0313
8160,81.5302,66.4429,72.7823,41.6814
8220,81.6279,77.1568,74.4768,42.5839
8280,80.1047,64.0926,74.7314,41.2639
8340,82.9688,63.3286,71.1045,40.4595
8400,83.5211,72.0604,69.3981,45.8266
8460,82.3536,69.9133,64.6015,40.6663
8520,83.6996,71.3007,70.6394,41.7979
8580,83.5015,66.0506,71.9317,40.3906
8640,82.4208,72.2233,69.7231,41.4337
8700,80.2995,73.5357,70.8167,39.7703
8760,83.3905,73.2843,73.4184,39.8724
8820,85.3556,70.8251,73.6282,38.512
8880,81.4327,75.7117,71.2561,45.4354
8940,82.6948,74.969,74.3145,39.8488
9000,86.8805,64.3108,69.6951,39.4613
9060,86.7528,70.3571,72.9743,37.4204
9120,83.1365,77.5888,74.1362,39.8011
9180,86.5758,71.033,72.376,36.4146
9240,82.635,66.4508,76.1698,40.2876
9300,82.9734,74.2923,74.3995,43.368
9360,86.8864,68.0445,73.9919,42.0271
9420,82.795,70.0934,77.2409,41.1605
9480,85.6239,78.165,75.0545,38.5099
9540,83.9004,73.5848,73.1629,41.1435
9600,84.4044,66.9278,77.9214,42.2536
9660,83.1003,73.0058,74.1305,40.16
9720,83.4926,70.6063,73.0543,37.329
9780,85.6529,73.6399,76.6647,41.9769
9840,84.6051,66.2966,75.419,43.5094
9900,87.0443,70.5305,75.174,39.3288
9960,83.2376,68.9093,73.9623,39.2347
10020,86.0563,66.5983,76.3811,40.8353
10080,85.1563,71.8147,73.3891,40.2955
10140,86.3927,72.5548,76.8694,37.5048
10200,86.0204,74.2527,73.0649,42.2309
10260,84.8513,71.5572,75.1467,39.0347
10320,85.6179,69.121,76.0719,42.5286
10380,82.2659,74.842,76.4186,39.2148
10440,83.5253,72.2623,75.0966,37.9493
10500,84.8292,69.1115,76.5204,42.0794
10560,87.8704,70.0752,76.9156,40.2782
10620,83.7693,75.4625,75.2345,39.5343
10680,84.8845,77.8232,71.4178,38.6479
10740,83.9135,72.2352,71.5621,39.2898
10800,67.1679,58.0081,64.1208,42.2347
10860,65.8924,53.0913,57.4391,42.0609
10920,67.3036,51.7504,61.1568,40.8602
10980,64.5378,53.9721,59.6435,39.8993
11040,67.4256,52.5849,61.7316,38.1898
11100,67.0562,52.8702,58.8355,42.4677
11160,67.3608,51.0989,60.8791,39.0856
11220,65.4182,51.8452,57.8628,42.1797
11280,63.1565,78.1691,77.9447,67.7319
11340,63.2325,76.5645,79.3563,65.4295
11400,65.5231,78.0765,77.2775,63.736
11460,63.0143,79.5125,79.3998,64.2304
11520,63.0392,78.2413,77.9956,63.7811
11580,62.5353,79.3957,77.2301,68.0121
11640,65.6631,81.0548,78.2111,65.067
11700,63.4494,78.4128,78.3833,65.923
11760,64.9449,78.7442,79.4617,67.9728
11820,64.2942,81.9763,79.1698,65.6207
11880,63.2759,78.899,79.6845,65.5111
11940,62.437,82.3221,80.1291,64.4494
12000,63.5368,81.0764,78.3831,65.2267
12060,63.4901,77.8163,78.9809,64.7546
12120,62.6718,79.8657,80.2217,65.2908
12180,65.8121,81.6999,81.8305,66.8465
12240,63.4758,78.4516,80.8072,67.4413
12300,63.4675,76.7444,78.7765,66.1023
12360,64.4653,81.5131,77.1025,66.3094
