Time,FC,PAS,PAM,PAD
-1,82,107,74,85
0,90.2,117.7,81.4,85
60,88.7753,116.441,81.95,85
120,92.0152,120.462,80.2729,85
180,97.3377,117.641,90.2074,85
240,92.0793,117.649,80.084,85
300,89.724,115.308,81.7773,85
360,91.0669,117.443,83.4155,85
420,91.5609,115.814,81.0166,85
480,90.8277,114.98,80.7372,83.5156
540,88.6342,116.73,83.6362,83.8115
600,89.4861,117.822,80.4235,84.717
660,88.4445,117.336,78.9308,85.506
720,88.6143,119.464,81.4179,83.1501
780,89.0737,94.1001,62.249,66.52
840,85.5647,99.5007,65.0784,69.2411
900,83.8523,94.0692,65.9127,69.1794
960,82.6115,100.515,59.7584,67.699
1020,79.7876,96.6362,85.8982,68.0178
1080,79.1662,90.6867,82.0782,71.2374
1140,72.2277,88.6431,51.6625,66.2184
1200,66.5538,90.3167,39.7755,62.5846
1260,69.2131,91.2192,39.2064,64.4213
1320,67.7693,93.0312,36.7576,64.0212
1380,73.9426,83.8111,50.3575,63.0232
1440,76.1119,90.2025,49.7617,64.2557
1500,72.4203,91.7361,51.2669,62.8677
1560,72.2898,91.9707,55.9187,65.024
1620,74.7116,91.0539,50.9851,64.2487
1680,73.723,87.9755,55.9254,64.1325
1740,72.8573,93.6922,53.6174,64.9706
1800,66.4194,62.3307,36.6618,43.847
1860,65.4279,60.2029,33.279,46.6852
1920,64.3763,59.8891,33.7297,46.9799
1980,69.096,66.3789,41.3897,45.0276
2040,84.8128,82.2054,49.6721,43.0355
2100,74.2684,63.8919,38.7036,40.5516
2160,69.4603,62.2547,37.9701,44.0778
2220,73.0025,64.7933,42.4667,42.1848
2280,70.3602,68.811,39.3486,42.8559
2340,71.0678,60.2309,41.2877,42.0082
2400,71.2441,55.3815,44.8782,48.3764
2460,81.4796,72.6648,51.409,46.8355
2520,80.9127,76.4478,51.9985,44.1249
2580,82.0802,69.5306,49.3659,45.3689
2640,83.0387,76.9316,46.7425,41.6027
2700,82.0711,72.758,51.3231,44.883
2760,82.1495,73.3279,51.5363,42.2896
2820,88.3095,84.2565,53.7971,44.1738
2880,85.2468,81.535,54.9362,42.211
2940,87.0102,82.4399,55.4388,41.6678
3000,86.7931,86.3826,50.7168,46.9082
3060,85.6844,89.7117,54.9409,43.1214
3120,87.1978,90.9749,48.1321,47.1916
3180,91.2072,85.1721,50.8826,44.094
3240,88.4491,85.4438,48.6587,42.1703
3300,89.0806,84.9809,55.5603,42.2797
3360,87.1113,89.8853,48.4932,44.5832
3420,87.8496,85.419,53.0222,43.0814
3480,87.4009,80.3422,54.7877,47.2896
3540,89.2367,86.614,55.536,46.2018
3600,89.3738,89.7139,49.3281,46.1579
3660,86.0558,93.0898,47.2115,46.2007
3720,88.2223,86.5485,54.7154,45.4151
3780,88.893,97.9006,45.661,41.9712
3840,85.7474,91.5061,51.509,42.999
3900,88.257,92.3591,48.1238,44.7672
3960,85.0577,89.5676,50.8179,41.3755
4020,85.5884,86.9297,58.0631,44.7295
4080,85.0329,95.7862,57.0719,46.8412
4140,84.4624,96.0801,46.9348,41.5856
4200,85.9939,95.1595,50.9899,44.3937
4260,86.1772,94.8599,47.0706,42.8384
4320,87.0422,93.3381,50.9348,49.5011
4380,85.862,97.5778,48.552,49.9212
4440,84.41,91.502,52.5032,41.0014
4500,87.0315,96.4935,52.2403,45.0191
4560,89.2717,95.6943,52.1514,45.2294
4620,90.8819,93.3195,51.2089,47.8008
4680,88.1054,90.1324,50.5343,46.8657
4740,92.979,93.6885,46.5807,45.7162
4800,94.1529,94.5554,52.14,45.4426
4860,95.3001,90.506,54.7109,45.7772
4920,94.1584,90.4875,52.4405,42.6197
4980,93.3059,88.6509,49.6941,48.4869
5040,93.8999,97.1346,50.3246,45.1953
5100,91.6794,92.143,55.4431,45.4168
5160,93.3749,92.6989,53.2784,48.7869
5220,93.3016,91.5628,57.0968,46.6347
5280,93.9748,93.8607,54.5281,43.3513
5340,94.3748,92.092,49.7243,42.0636
5400,93.1222,93.0536,48.2413,41.5588
5460,94.357,92.7894,49.1168,45.4823
5520,92.0205,88.6838,50.4497,45.6484
5580,91.3639,94.0612,53.9286,46.2156
5640,94.6862,95.7559,53.0141,44.714
5700,94.2877,92.6948,52.3811,44.7305
5760,92.3471,93.1659,48.6852,44.0583
5820,94.9113,90.5613,53.3956,47.435
5880,94.0898,89.1338,51.6014,43.4165
5940,93.7776,90.5067,51.7572,42.1603
6000,78.0717,73.1658,37.383,42.7327
6060,79.1446,70.7058,39.6518,40.9578
6120,82.8029,71.3302,39.4864,42.3091
6180,84.7016,69.342,41.7812,41.553
6240,83.8985,67.8391,41.361,43.26
6300,86.5012,64.6041,40.8042,41.2981
6360,86.6801,65.7039,42.7374,42.6315
6420,84.1096,64.626,38.8139,41.7253
6480,76.6576,58.6823,34.42,43.8751
6540,82.9983,83.3602,59.7374,62.1947
6600,84.5148,83.8101,57.0057,63.496
6660,83.3399,88.0786,57.2017,62.3019
6720,84.6197,85.6985,58.1653,64.6658
6780,84.337,85.7228,56.2324,63.4257
6840,83.4328,87.0997,58.9149,63.9429
6900,83.4774,87.9096,60.3405,64.9746
6960,83.0677,86.5357,59.4823,64.0708
7020,84.1334,86.3485,59.3354,63.1524
7080,84.29,88.7554,59.8326,61.9995
7140,84.8787,83.8571,56.7844,64.1152
7200,83.9304,87.1693,57.6122,62.7213
7260,82.5274,85.9095,59.1814,63.951
7320,82.5972,85.0678,56.4601,64.0806
7380,82.5782,83.5906,57.9684,63.5951
7440,84.2707,84.3318,56.1641,62.8761
7500,84.6012,87.796,59.0276,63.4277
7560,84.7101,85.9386,58.2465,64.2175
7620,84.0736,87.2619,57.0301,62.423
7680,83.4454,86.8188,57.8793,63.9653
7740,82.3632,86.1066,58.3957,62.8941
