Time,FC,PAS,PAM,PAD
-1,88,105,80,78
0,96.8,115.5,88,78
60,96.2645,116.951,87.4268,78
120,95.9995,113.152,89.9805,78
180,105.661,117.708,95.671,78
240,98.6914,115.015,97.5788,78
300,97.682,118.367,88.6062,78
360,96.2603,112.667,88.5705,78
420,98.7133,116.898,87.8966,78
480,94.4466,117.409,84.7854,77.8374
540,95.5863,113.549,87.6361,77.7592
600,93.6071,118.587,86.9236,78.7267
660,100.041,115.081,87.2659,79.0018
720,96.6727,112.795,87.6268,79.8096
780,93.4986,115.317,88.6878,79.0421
840,97.7121,111.161,85.3643,78.767
900,95.6886,114.558,85.289,77.0571
960,94.3292,97.8381,66.1566,62.1866
1020,89.8904,87.9903,71.7747,64.011
1080,94.5879,97.5343,72.6597,59.4978
1140,90.6028,90.7592,71.9579,60.5725
1200,86.8294,90.5811,74.3897,76.1979
1260,89.5541,117.21,91.0013,81.1661
1320,88.75,118.235,83.8698,75.6928
1380,88.3199,114.628,83.5388,80.9467
1440,88.4611,116.175,91.1648,77.0317
1500,85.6116,117.631,90.549,79.0728
1560,89.475,115.27,86.1304,75.3212
1620,81.5732,76.4355,58.3451,54.0735
1680,76.3017,77.0042,42.3118,55.5841
1740,74.9374,79.2625,40.4093,55.6017
1800,71.443,88.4638,40.3814,55.7808
1860,79.2575,83.9183,58.0951,54.0856
1920,80.0575,76.3854,54.675,54.2637
1980,79.888,80.9079,57.7502,56.6621
2040,79.7412,78.9826,54.6328,58.0585
2100,78.1804,85.961,56.8322,58.6817
2160,77.7468,76.8214,53.5537,56.0976
2220,77.5133,76.0333,54.6853,56.5874
2280,71.4477,56.9816,44.6155,35.7179
2340,70.815,62.826,40.8217,36.0425
2400,77.7907,67.0027,43.8955,39.8875
2460,76.1665,56.3943,46.8718,39.2455
2520,74.9445,57.8231,46.7276,38.5383
2580,72.5978,59.9837,41.6475,39.788
2640,84.5065,74.7453,56.4881,38.3222
2700,76.0513,67.8863,44.412,33.9935
2760,75.3806,69.781,49.3313,37.5479
2820,74.1555,69.6599,46.5657,39.2329
2880,73.4706,66.8913,44.0373,40.9406
2940,73.7781,71.9947,44.7421,37.5349
3000,74.5632,71.1742,47.8482,34.5111
3060,76.5106,76.8338,46.2443,36.1892
3120,76.5205,66.4489,43.7861,38.363
3180,79.4027,68.7815,41.1467,40.3957
3240,92.2366,77.9485,51.35,38.8851
3300,96.3092,72.2416,54.6568,37.8852
3360,95.6114,75.2775,49.8958,42.723
3420,99.989,76.1124,50.1201,39.3026
3480,97.2243,78.408,53.5164,39.0048
3540,95.6539,77.1702,57.9088,37.4652
3600,105.822,79.2933,60.2521,39.8219
3660,110.025,76.6355,55.7216,41.4144
3720,107.928,83.8146,56.6093,36.1981
3780,107.322,72.66,61.7527,36.834
3840,111.766,79.2403,64.0401,36.0844
3900,113.113,75.2539,62.6208,40.3279
3960,112.827,76.6345,60.8118,37.8031
4020,111.15,80.5251,64.3448,37.1558
4080,112.638,73.0715,60.8678,38.8341
4140,110.006,77.637,62.1683,37.051
4200,108.139,78.489,59.1243,39.8052
4260,105.994,83.1774,57.3534,36.1163
4320,104.946,73.5701,63.6155,33.9477
4380,103.36,72.5838,66.5742,31.3249
4440,101.797,73.3525,63.0162,36.4879
4500,99.9604,75.2883,60.695,39.2834
4560,103.858,80.5663,66.2926,37.0341
4620,102.693,72.2995,62.5599,34.004
4680,104.515,78.665,62.6741,34.8817
4740,104.746,80.8766,58.9287,35.7874
4800,105.721,77.4934,63.0505,36.3927
4860,106.999,77.6531,60.1567,34.852
4920,106.378,79.1347,62.5186,36.6478
4980,105.003,79.2661,60.8938,36.3527
5040,107.23,81.1616,60.2651,39.1301
5100,106.809,80.2859,62.0978,35.9224
5160,104.732,78.0683,61.4435,36.2333
5220,109.011,72.7393,60.8043,34.8506
5280,106.232,77.4491,62.2271,36.9315
5340,106.238,79.8698,61.2099,39.4788
5400,110.257,78.2269,60.5797,35.3969
5460,106.519,79.3825,62.6778,32.2283
5520,108.382,83.5414,60.8181,40.0616
5580,110.16,84.3162,63.9295,32.8961
5640,106.755,83.8712,62.2171,36.212
5700,106.675,85.862,66.0948,38.8885
5760,109.34,85.2376,62.8025,33.4702
5820,106.587,86.6836,65.362,35.7593
5880,107.834,84.0091,62.5673,31.3971
5940,107.731,84.7748,62.2121,31.4169
6000,109.536,80.4855,63.7946,33.7437
6060,108.751,77.3802,63.4744,36.9433
6120,105.857,80.053,63.0212,32.572
6180,107.867,81.0737,60.0893,33.1676
6240,107.17,79.9964,62.9907,35.654
6300,107.079,75.7999,64.0049,35.1093
6360,106.852,77.409,62.9228,31.5547
6420,109.592,77.1096,62.7514,34.1239
6480,112.876,79.5585,64.587,33.4226
6540,113.453,82.1186,63.2629,34.5748
6600,116.1,82.9899,65.3993,34.0279
6660,117.804,82.5466,66.3891,30.7552
6720,117.427,81.5377,63.596,33.9503
6780,117.982,79.6752,64.0202,30.8288
6840,115.999,82.2899,63.5995,33.2307
6900,116.541,79.5113,63.1288,33.0062
6960,119.296,79.9347,62.8816,35.4934
7020,116.821,77.206,64.7225,36.8787
7080,117.927,80.155,65.1901,33.2271
7140,116.662,78.3627,64.1872,33.5355
7200,119.216,82.7925,66.6753,32.5022
7260,117.332,80.6902,61.0146,34.5429
7320,117.489,81.5043,64.4118,33.7421
7380,117.301,80.659,60.4306,31.5571
7440,117.404,78.6701,66.6913,36.1294
7500,92.4422,67.0548,51.6773,35.6756
7560,93.1479,61.147,48.117,34.7192
7620,92.3822,64.118,49.7829,33.5244
7680,92.4694,59.8468,49.6656,35.7144
7740,93.5291,62.7532,51.1002,35.5563
7800,94.8385,61.1605,50.5026,36.5724
7860,92.1987,62.8816,49.8624,33.8723
7920,93.3579,60.2722,51.5663,34.5767
7980,94.2878,61.5453,50.0509,36.6382
8040,83.0553,57.4795,45.3569,34.4249
8100,92.8553,88.3551,69.4078,59.5714
8160,91.2723,91.3216,70.4554,58.9867
8220,91.5429,89.1034,69.6344,56.9601
8280,92.5586,87.2626,68.5174,58.9374
8340,92.484,90.4216,71.9102,56.3571
8400,92.8268,91.596,69.8368,57.7796
8460,90.9606,92.3783,69.4959,57.0577
8520,93.4391,87.3226,70.4435,58.4882
8580,91.3666,91.6708,70.6515,58.1951
8640,92.5367,87.861,69.6812,56.0128
8700,92.1693,90.9757,69.2209,56.7374
8760,92.964,88.929,72.2073,57.5422
8820,93.6579,91.7677,70.2448,58.7009
8880,92.7684,91.9698,68.9062,59.4133
8940,93.3824,89.7903,68.8957,59.0773
9000,92.2619,91.0063,70.1053,59.3011
9060,92.34,87.4068,70.0288,56.9037
9120,90.916,94.0736,71.1564,58.9117
