Time,FC,PAS,PAM,PAD
-1,66,130,77,85
0,72.6,143,84.7,85
60,72.5244,144.475,84.9161,85
120,74.319,146.379,82.8931,85
180,79.098,144.626,91.0155,85
240,78.5521,142.282,92.9647,85
300,72.8367,145.576,84.9819,85
360,74.3356,141.723,85.8028,85
420,73.2739,145.587,85.1808,85
480,70.5898,141.492,87.4516,83.3666
540,74.8972,139.637,87.9123,84.4515
600,75.5541,144.09,83.9582,83.8645
660,69.1776,140.111,84.966,83.3057
720,74.4533,141.958,82.3737,85.0805
780,68.0869,142.447,85.6811,86.0608
840,71.7715,108.542,67.7951,66.6237
900,68.7648,120.423,68.4109,68.7172
960,71.0831,117.326,65.1701,65.0249
1020,66.2189,118.464,70.0776,69.9112
1080,65.4533,117.499,66.3722,63.9852
1140,63.0574,145.33,69.0164,64.5018
1200,64.7701,147.484,84.7944,84.5854
1260,66.3385,146.088,82.8075,86.0334
1320,65.5355,144.937,86.6552,85.6528
1380,58.4909,100.818,56.1272,63.2205
1440,52.1131,101.663,38.4646,59.9387
1500,52.5966,98.4917,37.8901,59.9733
1560,50.6809,94.4189,38.1151,57.0873
1620,57.5207,94.6866,53.9986,60.4308
1680,56.698,95.5777,53.6314,61.5646
1740,55.6598,97.9825,55.5983,62.6069
1800,57.1429,95.2271,51.5419,62.6395
1860,56.0736,97.1657,55.41,59.3092
1920,54.2197,91.24,50.2547,62.6004
1980,57.0159,95.7901,54.7375,58.3019
2040,57.2695,90.3511,56.9832,58.2074
2100,50.1235,65.6242,37.8566,44.331
2160,55.646,67.3021,42.6014,41.6081
2220,52.7006,74.9012,41.9721,43.1386
2280,52.7277,67.3887,40.0016,44.1121
2340,60.6511,87.1446,49.3228,40.2995
2400,50.1497,71.108,42.8113,42.0627
2460,50.8013,67.7493,44.3933,40.893
2520,53.094,68.1329,40.5285,43.8758
2580,51.0059,68.0107,42.0388,43.2776
2640,51.9829,64.4692,42.6779,40.4363
2700,54.7349,61.2395,42.9624,43.6225
2760,53.6619,71.3032,41.5014,40.3061
2820,52.7932,64.0997,40.5931,41.7074
2880,61.2462,80.231,49.7056,37.9244
2940,59.2307,82.5211,50.0352,42.3166
3000,62.0761,81.3282,47.0731,41.8208
3060,58.4964,81.327,49.4765,43.7665
3120,61.5681,85.4681,44.4846,40.541
3180,64.2334,94.2733,47.5978,41.224
3240,69.6427,94.8051,49.0317,46.4155
3300,71.6603,91.8211,50.2208,40.9521
3360,72.859,93.7435,49.4309,41.682
3420,73.4394,100.098,49.4828,44.9767
3480,76.3911,92.8337,49.9724,37.2373
3540,76.5616,96.4135,51.3013,39.8861
3600,74.6779,97.9652,50.6125,37.4777
3660,76.2571,96.8934,53.0684,40.9415
3720,80.8047,94.6913,51.6761,37.9265
3780,78.9617,93.1562,50.3894,38.8893
3840,77.9848,98.9594,50.1905,37.3958
3900,72.1093,88.8897,51.6733,37.3989
3960,71.2326,88.5284,54.185,40.8697
4020,72.7843,86.9047,50.4416,38.8245
4080,72.771,91.5241,50.4182,37.6074
4140,71.6183,88.9898,51.1756,37.8341
4200,70.531,94.8712,48.7381,40.7277
4260,71.4108,93.6163,50.5845,37.2426
4320,72.2168,92.5821,51.6899,38.9952
4380,73.2603,93.5916,51.2485,38.1252
4440,72.1168,89.0164,49.5356,40.5482
4500,72.9361,90.4976,48.0667,38.8792
4560,73.7648,95.8655,49.7519,36.0222
4620,73.3176,91.2637,54.6717,36.0317
4680,73.3892,90.7775,47.8474,40.0386
4740,76.6194,94.6436,51.7722,37.8477
4800,77.0223,89.8087,56.1748,37.5002
4860,79.9171,93.8613,53.0555,35.4773
4920,77.6,93.2333,52.6725,37.7885
4980,79.1121,90.1389,53.887,41.22
5040,77.238,90.0081,51.5287,36.8278
5100,78.3014,89.2576,51.9952,37.6369
5160,78.3662,91.9864,52.6411,38.2413
5220,78.5279,87.4215,51.2968,39.66
5280,77.4971,90.7712,50.6579,35.9226
5340,81.0109,92.9989,53.5941,37.2168
5400,77.346,93.1475,51.8698,41.0569
5460,78.3351,88.1056,52.8965,41.5641
5520,80.0645,93.5938,53.2779,35.6536
5580,80.9816,90.1524,53.7621,41.6799
5640,80.1281,89.9805,54.3787,36.3056
5700,76.3173,95.992,53.2679,40.0539
5760,78.7413,93.505,55.3886,38.1645
5820,79.2076,93.568,55.2576,36.6311
5880,76.0359,91.5787,53.4653,35.3823
5940,81.2689,91.1976,54.5295,37.8134
6000,77.7284,89.314,54.2836,38.201
6060,81.6518,88.7886,50.5921,37.1756
6120,81.8344,90.3465,53.7411,36.2137
6180,79.6323,89.7658,56.0473,36.0237
6240,80.2286,88.5412,55.7772,36.4747
6300,83.1386,89.0507,53.6486,37.1427
6360,83.0307,90.0108,52.6376,37.6368
6420,86.3559,89.9643,53.2381,39.3028
6480,84.4122,92.4836,52.6525,37.5423
6540,83.9067,88.9624,54.704,37.605
6600,84.0816,89.5,55.1931,38.7257
6660,84.2031,86.4321,55.5292,38.3012
6720,86.1751,89.3709,54.8497,38.5855
6780,67.8125,69.0382,43.9562,39.8467
6840,66.783,70.7841,44.8176,37.0998
6900,66.2247,64.4374,42.5066,39.6132
6960,69.1875,65.2434,42.6224,38.7033
7020,68.6234,69.1257,43.1377,39.2987
7080,67.4354,67.6521,40.6831,36.4488
7140,67.0148,68.3013,42.169,37.9043
7200,69.4722,66.4199,41.5809,36.792
7260,66.3272,101.538,62.0011,63.9468
7320,65.6156,102.467,61.669,64.6737
7380,65.6617,105.217,63.3002,62.8151
7440,66.9874,101.645,64.8595,63.301
7500,68.7203,104.201,61.9583,63.3049
7560,65.83,102.066,62.8674,63.6969
7620,68.314,105.052,64.6419,64.9795
7680,65.5193,101.99,64.8055,63.5332
7740,66.0326,105.773,64.8177,63.3294
7800,66.1722,105.375,61.6775,63.5202
7860,68.0839,103.493,63.7182,63.0527
7920,67.3425,103.44,63.7358,64.0709
7980,65.6851,104.387,64.7176,63.1928
8040,68.4108,102.203,64.2506,64.7509
8100,65.3703,103.833,63.3365,62.5504
8160,67.8983,102.897,63.4764,65.6738
8220,66.5219,103.087,62.6381,64.4037
8280,66.3517,102.668,61.6013,62.3998
