Time,FC,PAS,PAM,PAD
-1,88,99,94,64
0,96.8,108.9,103.4,64
60,97.2884,107.732,105.502,64
120,95.3317,110.765,103.859,64
180,103.969,106.289,113.733,64
240,94.8685,111.015,101.026,64
300,98.0871,108.069,102.729,64
360,98.7833,108.162,105.75,64
420,94.7051,107.07,102.033,64
480,98.1094,105.674,106.865,62.6917
540,95.6378,110.513,105.729,62.8289
600,97.6717,106.296,105.428,65.1022
660,93.3708,109.925,101.408,63.9493
720,95.0133,112.729,98.8701,65.1766
780,94.3131,87.9101,85.1366,50.8619
840,91.1128,84.4486,80.7681,51.2867
900,85.1999,91.5305,86.5614,51.7075
960,88.3936,84.6417,80.1329,50.089
1020,88.7595,93.6334,84.5136,61.4246
1080,86.3558,85.3671,82.1144,61.8945
1140,83.0987,110.621,104.95,65.2829
1200,82.6605,80.0299,74.6835,44.2146
1260,77.6222,77.2756,52.0614,47.247
1320,77.4884,72.2417,50.5686,43.5673
1380,77.1591,77.4509,50.8199,47.3438
1440,83.1214,77.6631,69.9491,46.1621
1500,80.1939,74.9441,70.3915,46.0023
1560,80.1682,75.1677,69.0764,41.7437
1620,79.7397,72.5651,70.145,44.2251
1680,82.1862,72.4553,68.5018,44.9461
1740,80.6831,73.6428,71.0482,43.2599
1800,79.7673,73.552,67.5214,45.27
1860,74.9212,50.6227,47.0012,31.6029
1920,70.8605,50.2213,47.6086,33.7012
1980,75.8052,53.2297,54.3009,28.8053
2040,75.3541,56.1339,54.3463,32.4972
2100,74.0272,56.844,52.8172,32.6286
2160,88.749,69.4301,62.9563,29.9017
2220,86.2539,66.044,65.6463,31.501
2280,88.1846,70.7074,66.7359,31.1776
2340,88.3321,67.8074,67.4849,32.5663
2400,87.9782,65.4873,65.4444,30.1338
2460,78.2268,57.5245,62.5603,33.2998
2520,76.8125,59.1316,58.9708,28.5848
2580,76.7799,58.6828,64.2757,31.2437
2640,78.0347,64.2348,62.8993,30.4899
2700,76.9121,55.5724,64.4233,31.035
2760,77.0304,59.246,63.652,29.2616
2820,86.2509,71.1812,69.401,30.3004
2880,92.1953,68.9572,68.2987,30.2257
2940,91.1778,71.755,67.8932,30.0568
3000,89.1915,70.7262,69.3032,30.9273
3060,90.3244,69.263,67.4979,30.2757
3120,90.5093,66.1046,68.1308,31.6756
3180,98.1096,68.7768,70.4198,30.968
3240,98.8071,70.0884,71.0275,33.2115
3300,102.549,71.5517,69.267,32.5377
3360,100.63,69.9485,74.6505,35.0613
3420,107.872,74.3832,73.0497,34.1159
3480,108.406,76.3828,70.6162,31.6957
3540,108.336,69.1371,73.0806,32.3892
3600,108.3,65.1135,71.0271,29.2906
3660,111.869,68.8433,72.8047,31.2238
3720,106.452,73.128,71.2701,28.1432
3780,107.147,71.7982,72.0272,31.2453
3840,101.149,75.4734,71.1877,29.018
3900,100.33,73.3982,72.0727,33.3855
3960,101.891,69.7167,70.3161,33.1727
4020,97.3342,71.2878,76.1064,32.7273
4080,96.9486,72.4345,72.6804,30.9511
4140,95.7833,65.8068,71.4833,30.3525
4200,98.2106,69.8093,72.2106,30.8517
4260,96.581,69.7084,74.2376,32.5032
4320,101.009,69.721,71.2965,29.4439
4380,100.906,73.267,72.2374,31.7527
4440,101.052,71.3565,74.694,34.2121
4500,100.39,71.403,74.5168,32.2108
4560,104.532,69.9818,72.9637,32.7704
4620,107.8,68.8736,70.4511,32.5548
4680,107.009,72.3692,67.7494,31.6183
4740,104.039,69.4595,74.7995,32.1345
4800,105.481,69.7882,72.2212,33.0312
4860,105.319,69.863,71.7467,33.7039
4920,109.611,68.8388,75.7006,30.7631
4980,107.939,70.5192,69.5222,33.4467
5040,106.256,70.7556,71.9155,36.4417
5100,107.907,75.6286,70.6512,31.4388
5160,105.138,69.9011,72.4054,32.0443
5220,109.434,71.77,70.2725,32.8998
5280,104.397,74.465,69.1196,31.8464
5340,105.857,71.3816,73.8808,35.7891
5400,106.962,74.451,69.6312,32.4409
5460,106.817,71.8603,71.524,30.2907
5520,108.226,72.8637,70.9118,33.6462
5580,106.434,70.9036,71.7522,34.8409
5640,108.077,70.9938,67.9647,35.567
5700,109.109,70.1346,70.9139,34.6123
5760,108.724,70.782,70.8654,34.8167
5820,106.517,72.1644,72.2644,35.6225
5880,106.632,73.8027,72.8725,30.2221
5940,107.495,76.7519,69.9573,32.5826
6000,108.549,70.4732,70.5849,30.3485
6060,107.959,70.1215,67.901,30.3855
6120,110.347,75.2318,70.3993,31.0205
6180,110.534,73.2414,71.0219,32.9913
6240,114.682,73.2064,68.8419,31.6973
6300,116.642,74.3049,69.1807,33.6688
6360,117.218,71.5751,70.4486,32.4855
6420,119.714,73.0544,73.0115,33.4913
6480,94.9678,58.6962,54.5412,32.1525
6540,96.3699,59.5826,53.0414,33.2781
6600,98.0189,53.4723,50.8556,30.8435
6660,97.166,55.5827,49.0492,33.3401
6720,97.5779,58.1627,50.9023,32.1488
6780,94.6004,57.5297,50.6042,33.1597
6840,98.1708,57.075,51.2975,32.163
6900,96.9409,57.6365,50.7387,33.0421
6960,96.2519,57.3838,52.1857,32.324
7020,88.2426,51.9553,46.0984,31.5803
7080,93.6885,85.0863,75.6917,51.3396
7140,95.0068,84.5528,75.5413,51.2119
7200,92.8706,84.6576,76.0755,53.0539
7260,93.8222,87.487,78.5228,52.4578
7320,93.5118,84.8999,75.6511,50.6583
7380,94.0672,85.3993,78.3151,50.5396
7440,94.2667,85.8365,77.3345,52.1743
7500,95.2269,83.845,78.3785,51.59
7560,93.571,87.2802,77.8983,51.2899
7620,92.3257,86.5317,77.3969,51.4777
7680,95.3977,86.5708,76.0332,51.8607
7740,94.1254,87.8566,75.7833,50.4538
7800,93.0727,84.1523,75.7685,53.2054
7860,94.0728,87.296,78.8538,51.0781
7920,93.3769,85.3524,78.2766,51.313
7980,93.7863,85.9065,77.8672,53.3987
8040,93.4207,84.8507,76.2171,51.9667
8100,95.5539,86.7388,78.5016,53.4
8160,93.5201,87.8313,76.8875,50.4612
8220,95.4442,85.6194,75.5375,51.2357
8280,94.2509,83.9999,75.9271,51.064
8340,95.4839,83.6823,76.9755,51.5415
8400,93.5778,86.8714,80.2893,53.473
