Time,FC,PAS,PAM,PAD
-1,87,96,78,74
0,95.7,105.6,85.8,74
60,97.6151,103.661,84.9093,74
120,97.3694,107.565,84.9802,74
180,103.135,106.57,93.7688,74
240,103.257,103.544,93.8656,74
300,94.5637,106.199,86.6496,74
360,93.8258,106.422,85.2588,74
420,97.4045,103.663,85.2458,74
480,95.669,102.799,87.2299,73.3299
540,96.1781,103.397,84.3028,73.6869
600,95.9626,103.153,88.5265,74.5641
660,96.5801,105.253,83.0751,72.5167
720,94.9797,105.342,85.1578,75.3075
780,92.6313,105.911,86.855,75.1359
840,94.3541,103.608,85.7913,73.2036
900,94.526,86.9463,67.0273,59.067
960,91.5583,77.2469,66.9486,59.7314
1020,88.0465,85.4335,67.5339,60.6641
1080,89.2319,84.8173,67.5933,58.5068
1140,84.4995,106.433,67.3326,57.9672
1200,86.9801,99.8963,83.9841,72.8292
1260,84.7081,104.143,84.7868,74.1855
1320,85.7494,114.891,85.9017,75.9994
1380,83.0415,107.293,83.8193,73.7007
1440,84.3251,110.641,87.6373,75.0175
1500,84.522,106.545,83.3377,73.6115
1560,86.3997,104.259,84.4961,75.6568
1620,91.2999,103.379,85.6022,73.7468
1680,87.7258,108.485,89.8074,75.8529
1740,78.3223,73.2859,61.1376,51.3127
1800,74.9787,69.4572,36.6251,51.7479
1860,75.3396,70.3545,35.4994,50.8346
1920,73.2663,70.7397,38.0616,49.6355
1980,78.7666,66.8635,54.7023,50.6339
2040,79.2949,71.8976,53.0398,50.6403
2100,78.6146,71.1217,52.6578,53.5325
2160,78.0791,69.6592,53.8263,48.0508
2220,77.2523,70.7779,50.901,53.1465
2280,79.1061,73.0031,53.7589,50.301
2340,79.0572,71.082,54.1792,50.6219
2400,78.9587,62.9669,57.5047,53.5346
2460,71.6094,51.3357,39.8766,32.4502
2520,77.3757,56.1483,37.4943,34.959
2580,76.0775,48.6156,46.3766,33.9946
2640,76.0954,51.2678,37.5387,36.2919
2700,70.8455,55.4947,43.6876,35.7368
2760,71.6543,56.4379,44.3807,35.2056
2820,72.2911,51.032,33.2748,35.6907
2880,72.2569,53.9141,43.186,31.4311
2940,72.1266,48.4795,43.9187,38.03
3000,85.5251,64.4685,52.0562,33.615
3060,74.5338,51.781,47.2592,36.1405
3120,73.2253,46.4742,48.287,32.3868
3180,74.3439,43.4197,47.6404,34.4786
3240,74.7396,53.7519,47.1426,31.5264
3300,74.7118,48.0803,46.3768,36.8539
3360,76.5181,51.9464,46.4784,36.6891
3420,75.5598,47.6596,43.5808,35.0146
3480,75.4359,53.0556,41.4045,33.5625
3540,75.1383,47.0045,43.6166,38.0053
3600,76.7424,47.3833,45.6492,34.5054
3660,77.8306,50.5492,51.2126,36.9489
3720,76.5783,52.4114,48.0073,40.391
3780,79.4534,53.0186,50.5558,35.2244
3840,82.7915,47.6491,47.9659,35.8696
3900,83.8664,49.7584,53.2242,37.1206
3960,82.621,47.1672,48.9841,36.3617
4020,85.28,53.3774,48.0095,36.721
4080,81.5169,47.3757,49.082,38.5044
4140,84.332,54.1045,51.7774,36.6498
4200,84.2027,53.444,48.2527,34.362
4260,101.419,65.1419,61.8248,36.211
4320,99.6247,67.0707,56.188,38.1336
4380,100.785,62.3928,54.8994,37.9342
4440,100.151,63.5586,59.6061,36.0702
4500,99.6202,61.7774,55.3624,34.7587
4560,106.108,69.5401,60.5401,35.5136
4620,105.934,63.559,59.5628,37.5611
4680,106.74,68.8642,55.7318,38.07
4740,107.149,69.237,58.5582,39.9436
4800,110.508,77.5256,59.7584,37.5643
4860,107.922,68.451,60.5106,36.5805
4920,110.241,67.1894,58.7938,36.7012
4980,110.678,75.3133,55.3282,37.7792
5040,109.656,73.7261,57.193,37.1196
5100,106.685,68.6381,60.6913,35.4748
5160,106.964,72.1093,56.9387,35.2153
5220,105.382,69.7755,58.878,36.7429
5280,106.995,70.5318,62.4398,37.0703
5340,105.607,67.7506,63.8935,38.1853
5400,102.222,73.4066,59.2666,35.5808
5460,105.788,72.6983,57.221,37.1373
5520,106.853,75.096,52.3832,39.6669
5580,107.84,70.4398,57.2893,36.1602
5640,107.094,70.2144,58.3179,35.4801
5700,103.825,68.6519,56.5783,37.4042
5760,109.966,74.4321,57.2565,38.015
5820,106.384,78.6754,53.1513,33.607
5880,105.347,81.4917,60.0281,35.4425
5940,105.519,73.4697,52.6875,37.9852
6000,105.939,74.7311,56.9662,36.8977
6060,104.711,72.6658,60.7481,38.4579
6120,106.089,73.5844,55.6812,36.5127
6180,104.898,70.4872,51.9723,35.574
6240,107.104,76.4401,54.515,38.039
6300,103.276,73.2536,53.2049,37.6849
6360,107.045,72.1195,54.3027,37.7927
6420,103.75,73.0764,54.1739,34.8688
6480,105.422,74.3804,55.557,36.1755
6540,105.746,74.859,57.2154,37.3543
6600,105.402,75.3802,56.0321,37.841
6660,106.207,72.2693,57.5363,38.4155
6720,105.432,75.2133,55.0052,37.9577
6780,105.698,71.5212,60.6113,38.3628
6840,107.234,75.2702,59.0849,37.7661
6900,105.625,70.4661,53.6696,36.9816
6960,104.557,76.4612,57.478,36.6535
7020,104.551,72.36,60.1192,35.1015
7080,105.422,78.7666,57.837,38.1901
7140,106.194,72.7907,59.6574,37.1871
7200,104.826,71.8738,60.1917,35.0034
7260,106.771,77.2923,57.2994,35.6136
7320,106.256,70.3997,56.5378,34.8182
7380,105.719,74.2286,54.4521,36.9455
7440,104.59,75.8658,55.9956,37.0673
7500,103.129,75.3741,55.5286,37.8749
7560,104.515,73.5084,60.8732,33.9872
7620,103.156,78.9794,57.1894,38.0608
7680,102.246,80.8729,55.2265,36.5276
7740,103.39,74.8192,53.6413,38.2766
7800,103.832,79.627,57.1057,37.0215
7860,104.362,82.2778,52.5482,39.843
7920,109.46,76.0437,54.6811,38.2014
7980,111.542,72.0218,53.064,36.6253
8040,111.735,73.8512,53.5415,39.1933
8100,112.026,73.604,56.1865,39.9084
8160,113.189,77.5194,57.9691,38.4277
8220,113.579,78.5215,56.5942,40.9025
8280,113.155,79.4959,53.2618,38.6445
8340,113.392,76.5259,54.4993,40.4025
8400,113.597,77.189,53.5772,40.2742
8460,114.035,77.61,53.9062,39.4227
8520,114.329,79.0325,54.3111,39.0505
8580,113.237,80.6717,52.8487,41.0468
8640,116.075,77.3394,55.9652,39.6846
8700,115.739,75.3279,54.9959,41.3237
8760,114.823,80.4442,52.8872,39.3617
8820,114.972,77.0073,55.6257,38.9544
8880,115.046,76.2946,56.3733,41.2709
8940,115.061,76.5913,53.7263,38.4065
9000,115.958,79.6987,53.6606,41.3929
9060,115.441,77.9055,56.4001,40.6745
9120,115.761,79.0389,53.2141,40.6565
9180,115.302,79.9013,55.6966,39.1915
9240,115.428,80.3398,55.339,39.4841
9300,113.863,77.3953,55.1633,41.0879
9360,114.949,78.0664,56.2762,39.0685
9420,115.454,76.2661,53.6881,40.5638
9480,90.0514,63.6373,44.9229,40.7393
9540,90.485,63.4281,44.0916,38.3495
9600,90.3189,62.0449,42.4525,38.3751
9660,91.3033,60.6314,40.2484,39.5587
9720,90.7946,57.6254,42.5088,40.5411
9780,90.684,60.0718,41.5787,38.3877
9840,92.3105,60.2863,40.0794,40.6613
9900,91.4832,61.2283,40.9603,40.5063
9960,90.3499,58.8381,40.9917,39.76
10020,90.3823,83.6431,63.3027,61.5835
10080,90.427,85.1583,61.9143,62.6811
10140,90.48,86.6811,65.4075,62.1952
10200,89.7062,87.6942,61.2774,61.2517
10260,88.5171,87.4948,61.4256,61.7183
10320,88.525,85.9093,60.7313,64.0378
10380,88.1893,86.1282,64.0457,62.4709
10440,90.0504,84.3159,65.3937,63.0095
10500,88.6151,86.001,64.7908,61.5261
10560,90.2848,83.6643,64.2001,63.3637
10620,89.8601,87.0702,61.3796,62.0853
10680,89.1718,84.6524,62.8675,63.2763
10740,87.8062,86.5723,65.4058,61.8281
10800,87.9807,88.7363,61.8499,61.6561
10860,89.224,88.4528,64.0773,61.7739
10920,88.1305,86.9099,65.0823,62.2701
10980,88.2047,87.3819,63.5707,64.1302
11040,90.2258,84.9148,64.3427,62.6395
11100,90.7157,88.2494,64.9926,62.4278
11160,88.2,85.0196,61.602,61.4814
11220,90.5106,84.0195,62.8255,64.1322
11280,88.1238,87.0209,61.7309,62.9124
11340,89.5418,88.3503,64.9337,63.2586
11400,89.4304,87.5495,61.3333,63.2189
