Time,FC,PAS,PAM,PAD
-1,63,105,89,83
0,69.3,115.5,97.9,83
60,70.3418,113.101,97.736,83
120,70.7439,114.336,95.5807,83
180,77.454,116.163,105.665,83
240,67.6737,118.172,98.6082,83
300,68.2637,113.868,97.775,83
360,69.7469,116.078,96.4587,83
420,69.8709,118.099,100.215,83
480,68.8035,117.74,97.2483,84.2506
540,69.8268,115.14,98.2693,81.7823
600,68.5343,115.288,94.8069,81.6165
660,70.6637,114.843,101.039,84.0208
720,71.3792,117.837,101.926,84.4133
780,68.0786,118.005,96.7328,83.6442
840,68.4226,119.596,101.04,83.9932
900,67.9623,114.133,95.7625,81.2104
960,70.3632,94.9987,77.6185,66.6767
1020,64.5914,93.3977,80.2843,66.2917
1080,64.7998,89.1996,80.0445,67.1358
1140,61.9725,90.6048,79.3975,68.7151
1200,62.4981,92.2353,81.5198,68.1957
1260,60.8191,95.088,96.3033,66.8395
1320,60.2096,115.829,92.4085,84.54
1380,60.3066,120.767,92.1776,82.9266
1440,62.2962,113.327,96.0098,84.5329
1500,63.8155,116.648,95.0919,83.5789
1560,65.1555,107.983,95.9176,84.1274
1620,59.5167,110.673,100.531,82.3749
1680,64.5534,111.935,100.641,82.5089
1740,57.1007,111.986,102.38,83.4175
1800,64.2804,111.528,95.7969,84.1821
1860,56.0007,81.2467,74.8059,58.2996
1920,49.2615,81.8252,45.4125,56.7397
1980,50.7735,77.3352,46.2868,59.4445
2040,50.8213,84.2478,51.3937,55.6234
2100,55.5705,77.7777,67.3863,57.2799
2160,52.9727,84.7805,69.9162,58.7335
2220,54.7738,83.0859,62.8044,55.4483
2280,52.7077,77.6694,66.6316,56.3856
2340,54.5263,80.7122,61.1653,59.5995
2400,51.7366,79.8393,68.3183,55.2514
2460,53.5078,85.72,63.773,55.9113
2520,49.242,55.5391,50.8318,38.9379
2580,48.0417,56.4612,43.1833,45.5549
2640,49.3299,55.8412,50.9712,40.4696
2700,53.4225,57.1745,45.323,38.5756
2760,54.7343,62.728,48.8711,39.5995
2820,51.5152,59.1968,47.5269,41.9701
2880,50.2991,60.1904,49.4354,43.1488
2940,45.6011,57.3082,55.1656,40.1395
3000,47.8539,57.0567,53.2957,42.5262
3060,47.8396,55.3227,53.323,39.8089
3120,48.2915,56.1305,50.2093,36.1106
3180,48.2114,59.6254,50.4966,38.8491
3240,51.5408,61.4565,54.885,40.7487
3300,50.9608,56.6332,52.033,42.2707
3360,49.0819,60.4304,54.2089,41.8498
3420,50.4821,55.7833,50.1131,40.3087
3480,59.5891,69.7701,63.205,44.3096
3540,53.0004,62.7755,62.7378,40.4978
3600,55.5365,67.4951,50.7718,40.7869
3660,55.0009,71.3768,57.8334,43.9196
3720,57.1025,64.8188,55.7963,43.9414
3780,57.1008,68.228,62.5322,41.4669
3840,59.2326,64.8876,63.7613,43.6511
3900,59.232,64.7943,58.0069,42.3856
3960,59.7893,63.6959,54.8158,40.6192
4020,61.1211,65.5235,55.4163,41.8756
4080,61.8705,60.9748,58.9752,40.3911
4140,62.0129,67.4312,57.4984,42.3779
4200,63.8313,67.2642,61.4525,38.1431
4260,59.3732,70.212,57.9593,44.1534
4320,59.8394,66.1542,58.8592,42.5068
4380,61.3631,66.1459,60.1301,44.8412
4440,64.1059,68.7892,60.6004,38.8927
4500,57.0231,65.1076,54.7359,38.8729
4560,61.2988,70.8496,58.7039,40.8537
4620,61.5058,67.6074,58.3827,43.6975
4680,61.8697,59.1034,51.7879,43.3709
4740,60.4328,61.8136,59.4177,44.7977
4800,64.579,62.6791,53.817,40.1505
4860,61.3208,59.9923,57.7699,44.5815
4920,60.5409,64.8047,58.5412,43.5944
4980,59.04,63.9439,57.4051,42.3496
5040,63.5142,68.229,58.9663,42.5318
5100,74.076,73.0568,67.7307,40.7532
5160,75.9921,72.673,70.2599,43.3262
5220,75.3316,73.5135,67.8795,40.7632
5280,75.9312,71.3317,69.4272,42.0007
5340,74.488,70.0292,64.563,46.8265
5400,77.7506,68.8131,68.6464,44.339
5460,80.0848,77.432,77.8217,40.9967
5520,87.6619,72.555,72.9991,43.5732
5580,87.1256,73.3811,72.6263,42.4745
5640,85.5365,74.4116,72.0434,45.5864
5700,91.421,76.0676,69.1221,42.826
5760,90.395,77.4586,67.5108,44.2756
5820,87.7231,71.7451,70.7632,41.7865
5880,87.724,70.456,67.6157,41.1731
5940,84.1263,75.9091,69.3959,44.2102
6000,89.1331,76.4042,71.6801,44.2296
6060,85.4798,74.9608,68.8746,41.1976
6120,84.1473,82.2014,71.9291,41.8807
6180,79.7039,77.8355,71.7712,42.6199
6240,78.947,82.21,73.59,38.8964
6300,79.8898,82.1256,66.8156,41.6612
6360,80.3776,86.2244,68.7274,42.8518
6420,79.9978,78.7631,73.2113,42.8159
6480,79.1238,77.5336,67.1927,44.5462
6540,78.7579,80.2917,68.2393,44.2724
6600,79.4272,76.3723,67.9531,45.066
6660,73.9596,77.9092,65.6806,42.2726
6720,77.4194,82.0425,70.4212,42.2455
6780,78.216,78.0709,68.3791,39.4392
6840,75.5646,78.1264,72.2986,42.8295
6900,79.1796,75.0714,71.3706,42.4912
6960,78.1111,80.7244,69.8755,43.5981
7020,75.7131,79.1749,68.5249,43.3958
7080,81.869,79.1075,68.5796,42.8372
7140,77.9571,79.587,69.2061,44.0978
7200,77.2202,81.251,68.3093,41.1467
7260,77.5263,77.5282,66.3853,44.894
7320,74.9539,80.1619,75.1675,39.7452
7380,80.748,82.8089,69.6322,46.0993
7440,76.7682,83.1247,68.0115,43.5422
7500,76.1917,81.7766,69.8224,37.9319
7560,74.8916,79.5641,69.7484,40.2509
7620,79.7129,80.9315,75.4135,38.6233
7680,74.2314,79.1951,67.7024,41.1011
7740,77.7594,82.6668,71.7718,44.7562
7800,77.9571,81.2416,72.1646,43.9131
7860,79.8644,81.9237,72.1736,45.2081
7920,78.2949,74.6283,74.9021,41.6447
7980,78.5041,83.6072,74.1537,41.5344
8040,78.6995,77.5088,72.5833,41.9347
8100,77.1216,80.5363,69.6248,39.5953
8160,75.4474,80.7988,70.9015,47.5881
8220,75.3945,74.5608,69.1879,39.3072
8280,76.3078,80.9883,68.0162,40.8882
8340,78.715,81.8401,68.4602,43.3877
8400,79.6967,82.8989,71.6322,43.7919
8460,78.3469,81.362,70.9205,44.4119
8520,76.2451,79.0081,71.7874,41.1989
8580,78.7892,79.4458,74.0725,38.8938
8640,78.4413,76.9923,66.7507,42.5565
8700,79.6866,78.0749,68.9903,40.7452
8760,84.2563,76.5239,74.3139,44.6298
8820,81.8415,80.5221,77.1847,45.317
8880,83.8467,78.5819,75.0448,42.0652
8940,88.5083,75.7346,73.4699,42.4534
9000,89.7313,76.2566,69.1994,41.7149
9060,90.4131,76.692,68.2468,44.4088
9120,85.8903,73.6926,70.1818,42.7885
9180,89.6294,76.5421,74.2988,43.9317
9240,88.6204,78.105,70.5244,45.9623
9300,91.7062,80.0354,73.0588,40.7972
9360,87.7222,76.8959,69.9434,43.953
9420,92.8657,81.6888,72.8736,43.9933
9480,86.1501,75.0957,70.1058,45.501
9540,88.6098,77.763,69.341,44.3475
9600,86.8747,80.3426,69.1354,45.211
9660,86.9649,79.4905,70.4804,46.2954
9720,87.6858,80.4521,69.6185,42.8335
9780,89.2117,77.9716,70.4679,44.3951
9840,88.2535,79.6599,69.4757,43.7855
9900,90.8151,76.0752,67.2073,43.385
9960,86.3201,77.6689,70.5412,44.0186
10020,89.7764,78.8452,70.1493,43.1212
10080,88.0662,81.202,73.1937,43.8969
10140,87.7488,81.5452,69.2692,44.462
10200,92.1915,76.0669,68.0742,43.5073
10260,87.2621,78.7554,66.2008,45.2252
10320,88.5727,76.8069,67.2019,45.6621
10380,86.0005,79.9906,72.7724,44.9239
10440,91.3711,73.8202,67.4789,43.276
10500,89.2199,76.9823,68.7886,44.4964
10560,84.9672,79.5842,68.0544,42.3227
10620,88.5037,78.9213,71.6017,42.6509
10680,85.961,78.5319,69.1894,43.1104
10740,88.0399,79.2998,73.1841,44.1693
10800,90.1818,74.4127,73.1222,43.0104
10860,88.7782,77.5755,72.6498,44.36
10920,88.4012,83.2651,73.8561,44.4173
10980,88.5622,80.5073,73.1896,45.9205
11040,89.8624,78.6388,72.831,44.0452
11100,91.5596,78.7818,69.8302,46.299
11160,70.3968,63.1355,56.2255,43.0971
11220,70.9164,65.652,57.3054,43.2463
11280,71.5647,63.1265,59.0063,46.3832
11340,70.0644,64.7791,56.051,45.7267
11400,70.0349,62.0803,54.2267,43.6061
11460,69.6629,64.7001,53.3497,44.3338
11520,70.2808,63.3511,56.6101,46.1491
11580,69.289,63.6345,57.4992,43.1361
11640,69.6126,64.9998,53.5624,43.7972
11700,61.0621,55.7552,48.2683,43.3656
11760,66.2747,92.3274,75.9594,69.4606
11820,68.1559,90.6231,76.2205,70.9125
11880,64.5348,88.9165,80.161,71.2246
11940,65.2858,92.2613,76.7477,68.8548
12000,66.9272,92.0943,75.9601,69.3642
12060,67.0229,92.2052,77.2944,69.693
12120,68.237,89.3637,78.7003,69.705
12180,67.7258,92.1552,78.1044,69.1072
12240,68.1913,90.3604,78.4489,70.9472
12300,65.3136,91.0217,78.2342,69.2946
12360,64.4538,89.7503,76.3302,69.2093
12420,66.159,89.284,77.7335,68.3903
12480,65.6383,89.9563,77.2938,71.5001
12540,66.2824,90.933,77.2874,69.514
12600,64.7487,92.461,79.3737,71.3537
12660,68.3012,88.749,76.2475,71.0611
12720,68.1634,91.0511,78.4452,68.6966
12780,66.2094,87.8769,77.63,69.9335
12840,66.6041,92.5351,81.6724,68.4038
