Time,FC,PAS,PAM,PAD
-1,63,100,98,62
0,69.3,110,107.8,62
60,69.9438,112.559,106.458,62
120,68.3221,109.999,105.247,62
180,75.6717,107.358,117.647,62
240,76.7952,109.429,110.218,62
300,68.3149,111.789,106.353,62
360,70.1221,109.215,106.244,62
420,67.6477,111.699,107.48,62
480,69.8264,109.966,109.446,62.9011
540,69.536,111.31,107.635,63.5295
600,70.1504,109.983,110.023,62.314
660,69.3235,109.058,104.571,62.1579
720,71.5886,111.689,108.918,63.4732
780,71.2452,111.251,108.814,60.6003
840,65.0235,109.625,107.143,62.0123
900,66.1568,90.9036,84.6101,50.6141
960,65.9378,85.5028,86.6941,51.7893
1020,65.4129,89.4366,87.2379,47.2993
1080,63.3323,84.6373,85.0125,50.4466
1140,63.4752,86.178,86.647,64.2633
1200,64.1046,89.629,107.122,60.2426
1260,61.5252,109.569,102.276,61.8371
1320,64.8677,104.45,108.133,61.7721
1380,63.4095,111.187,114.359,61.0998
1440,63.2006,112.214,104.87,60.1974
1500,62.0849,114.646,107.494,59.9829
1560,61.3073,106.855,113.114,59.3866
1620,60.0092,111.698,111.065,64.9945
1680,61.2185,117.361,109.628,60.8991
1740,55.6256,71.6733,75.901,42.1437
1800,52.6591,72.1947,50.4551,48.6099
1860,48.8247,76.9524,54.1901,42.045
1920,53.5891,80.2609,53.1358,42.3502
1980,54.0823,73.7544,71.6714,44.4317
2040,54.662,76.9914,74.8022,44.0394
2100,53.1748,68.9823,71.7107,44.3521
2160,54.9461,75.9096,70.7354,41.6205
2220,52.132,78.9489,71.0123,42.8549
2280,54.4343,75.1262,74.5502,44.7757
2340,56.5973,67.7334,71.1604,45.7064
2400,53.8025,73.633,71.6391,40.5659
2460,50.0283,49.7238,52.5631,32.8937
2520,52.1086,49.5181,53.4882,35.8797
2580,50.8072,53.3424,57.7274,34.4865
2640,48.1715,52.6427,57.3333,34.3014
2700,49.331,58.2506,59.3163,27.1482
2760,51.3905,52.6963,56.0153,33.4329
2820,50.9406,58.5446,54.1065,33.8846
2880,56.6887,63.4589,64.7514,28.7975
2940,53.1596,54.449,54.4849,32.7823
3000,50.6909,56.7552,59.1037,35.8634
3060,50.7645,55.7619,60.6479,33.6325
3120,50.5861,53.1896,57.3909,30.6175
3180,51.5176,55.8956,61.1426,35.3335
3240,49.7413,56.0151,58.0306,31.1211
3300,49.2141,53.0472,62.1488,29.8328
3360,49.0522,54.5918,56.9175,32.6038
3420,49.7527,51.6329,61.0565,33.2896
3480,46.8996,53.3439,61.4029,30.5101
3540,51.0372,52.7403,54.8424,31.9012
3600,51.232,47.2504,61.1143,27.0977
3660,49.3821,48.858,57.8674,27.725
3720,51.8929,48.3895,61.0311,31.3035
3780,63.204,64.5415,66.2608,29.1837
3840,65.331,58.1648,64.9381,30.4006
3900,63.9287,64.1926,72.6788,31.3092
3960,64.3242,58.6682,69.379,24.3338
4020,67.0004,57.5804,66.8665,30.2251
4080,74.829,65.6778,72.1885,31.6788
4140,72.0087,66.5386,73.1011,29.7577
4200,71.5369,69.3332,72.6848,29.1153
4260,73.2363,63.0955,69.353,29.0607
4320,71.4421,68.0867,74.7126,25.3145
4380,76.3319,66.1219,71.6008,25.6561
4440,77.0011,68.8678,74.9381,25.9538
4500,75.6068,63.546,68.8563,30.2844
4560,73.8423,64.5902,69.1157,26.6733
4620,71.4481,64.8192,73.5295,28.0309
4680,71.2661,70.684,73.1397,27.3817
4740,70.1828,63.0683,70.4689,27.1746
4800,69.4637,69.3457,70.8598,31.5778
4860,69.2539,67.0983,72.3638,27.7506
4920,69.0966,65.9243,72.4578,28.5787
4980,65.3163,66.7871,74.6994,26.9255
5040,68.8736,65.2738,71.8096,23.7742
5100,68.5439,68.8476,74.1337,26.3209
5160,63.6329,73.3904,71.4467,27.214
5220,69.5339,67.7601,75.323,27.1449
5280,71.8449,66.8132,72.7732,25.9008
5340,70.0415,63.6066,69.7345,24.4683
5400,68.7412,69.8959,74.6384,27.8678
5460,69.3389,67.0234,73.2542,26.4814
5520,72.9875,66.8039,71.2704,23.6186
5580,71.7553,65.0222,73.0672,29.5819
5640,73.8712,65.3262,72.6264,28.8341
5700,74.0729,62.0219,72.9641,33.7632
5760,73.229,71.2182,72.0273,28.0636
5820,74.5136,66.0686,78.1924,29.6674
5880,71.0872,69.4996,70.6727,24.4678
5940,73.0839,70.4609,70.6328,30.6731
6000,73.1136,65.4431,69.4041,25.9904
6060,72.2506,72.6156,74.129,28.5864
6120,75.4505,70.5223,77.3735,25.964
6180,70.9369,70.4946,74.1796,27.8697
6240,71.7719,68.6013,71.2762,28.4226
6300,75.5282,70.9823,71.4235,30.0262
6360,72.5953,72.6629,69.6936,27.6112
6420,72.8073,71.2986,73.0465,27.0635
6480,72.699,71.1124,72.9329,29.5083
6540,72.6852,67.8625,73.0513,29.328
6600,73.8935,72.8914,73.6834,30.8575
6660,74.686,73.4177,77.7988,30.4065
6720,73.1651,72.2954,78.5296,28.7176
6780,69.5936,70.0088,73.1863,26.8902
6840,72.7004,76.2166,74.7821,31.8931
6900,74.2686,72.2333,75.4078,31.3922
6960,74.4366,75.247,74.7769,28.9849
7020,73.1385,74.8074,73.2711,27.4692
7080,74.3775,69.2255,70.0309,27.1745
7140,73.4977,71.3693,75.7835,24.9401
7200,72.874,76.2844,73.3565,24.6812
7260,74.013,73.7827,75.9255,27.7474
7320,69.3088,74.6066,74.0597,23.2277
7380,73.3856,70.566,74.6344,29.3813
7440,76.1104,67.5932,75.077,26.1268
7500,76.1609,67.4718,75.1559,28.2871
7560,78.5231,68.1926,77.9067,27.157
7620,77.0835,69.7843,77.2021,23.7448
7680,78.8512,71.0804,72.7992,31.9189
7740,81.2992,73.0291,72.4594,29.8236
7800,76.7478,75.0328,75.5295,29.6288
7860,78.9748,69.2575,74.4656,31.6198
7920,78.0342,67.1674,74.0218,32.9952
7980,78.9725,71.29,72.9088,28.6607
8040,79.9294,70.8477,73.3885,30.8905
8100,80.4969,68.8975,76.2719,27.9521
8160,76.6045,69.2444,72.8815,30.4096
8220,81.7813,67.1629,74.7636,32.2695
8280,77.186,71.3431,71.3857,31.3295
8340,81.4204,68.315,71.3466,32.6996
8400,78.592,69.6009,73.9756,31.9006
8460,67.7351,54.7399,57.235,32.6883
8520,66.1099,55.5516,59.4857,30.1869
8580,66.2129,53.6243,58.9983,29.921
8640,65.5496,51.1161,55.2337,32.6671
8700,67.4385,52.2226,53.4623,32.4681
8760,66.6885,52.5993,54.1983,31.7688
8820,67.0365,54.9806,55.0951,32.4191
8880,65.0809,53.503,54.1673,30.041
8940,64.6199,54.7496,53.1344,31.8185
9000,64.0219,53.6476,55.9513,30.6439
9060,66.1157,54.783,55.956,32.7244
9120,64.2627,80.2655,81.9176,49.5381
9180,63.9677,83.9646,80.3223,48.4674
9240,63.1625,82.869,82.6083,47.9988
9300,64.1835,81.8372,82.7834,51.1829
9360,66.2327,80.8777,79.5684,48.6685
9420,62.4188,80.5512,82.8501,48.2893
9480,65.3263,83.2372,81.3524,49.2725
9540,64.319,81.3335,80.3134,47.8043
9600,63.2923,84.1771,81.4868,50.5916
9660,64.4459,83.6392,83.1413,50.9487
9720,63.1488,83.5736,83.0339,50.6658
9780,62.2773,83.6599,81.8382,47.7308
9840,65.6258,83.126,80.5778,51.3955
9900,64.9426,80.6133,79.7526,49.5331
9960,65.0802,82.7415,82.8972,48.6419
10020,65.2585,80.3363,80.623,47.7725
10080,65.6065,84.0227,82.4716,49.3113
10140,64.065,83.3993,80.307,50.5443
10200,63.5178,80.5024,81.2227,49.0906
10260,65.3278,80.1455,80.9846,50.2346
10320,64.6204,83.3246,81.6276,48.8098
