Time,FC,PAS,PAM,PAD
-1,82,98,100,85
0,90.2,107.8,110,85
60,88.6187,107.784,110.706,85
120,88.2307,107.061,109.164,85
180,100.923,105.996,120.174,85
240,98.9862,108.456,109.506,85
300,88.7717,109.922,112.056,85
360,92.236,108.121,109.763,85
420,90.2948,109.228,107.85,85
480,93.0378,107.527,108.454,84.8049
540,90.5691,110.489,113.432,83.5909
600,88.3632,109.106,109.16,84.8099
660,90.7016,107.197,108.463,83.401
720,86.6386,109.53,107.937,84.4549
780,86.5568,86.8388,90.129,71.4445
840,85.7279,85.1126,84.3465,68
900,84.8692,88.2688,86.442,67.0809
960,83.3468,88.212,90.6479,65.9491
1020,82.2797,104.505,108.556,66.4889
1080,82.3731,110.817,107.193,84.5227
1140,73.3451,74.8625,82.1113,63.1429
1200,66.705,72.8754,53.2885,60.6496
1260,69.7846,71.3643,55.1776,61.3185
1320,66.4952,70.9807,56.8719,56.1624
1380,72.4879,72.272,70.6971,60.3302
1440,72.2645,72.9665,75.8461,58.2557
1500,70.3372,71.3051,75.2715,58.1157
1560,70.3902,73.0491,74.2865,57.8338
1620,71.5395,70.1756,75.9484,58.2438
1680,71.4313,74.907,71.0699,60.4054
1740,66.9899,56.6402,57.5122,38.8607
1800,65.5853,53.0422,55.9078,41.9207
1860,62.3494,45.9235,54.6002,39.7883
1920,70.427,53.5396,55.3946,45.9548
1980,67.4766,50.5578,62.1618,41.5107
2040,82.5392,58.3343,73.3527,39.7388
2100,72.6485,49.6994,56.8538,40.8624
2160,66.8067,58.5168,55.864,38.0685
2220,68.3065,47.2534,58.0417,39.4913
2280,70.1951,51.4522,54.119,39.9129
2340,68.4358,50.8666,60.5483,41.8117
2400,68.7716,55.1576,57.6878,43.6833
2460,80.0421,68.0095,69.1854,38.7751
2520,81.2428,68.5298,71.4671,41.913
2580,81.8964,64.234,71.5447,40.5579
2640,78.6255,65.2466,67.6583,39.3647
2700,77.8085,65.859,73.1731,42.1408
2760,79.8826,63.2775,70.4132,40.9074
2820,81.2766,65.7224,76.389,41.5129
2880,87.5761,68.2376,75.7556,44.147
2940,85.9888,72.0169,72.4923,46.7486
3000,82.932,66.5309,75.7613,39.6244
3060,83.2276,68.1723,78.9994,41.5605
3120,84.9073,64.6452,78.2132,42.3769
3180,83.6474,69.7639,81.4182,44.9779
3240,88.3185,65.9704,81.0968,41.1493
3300,85.4053,72.9398,77.2229,42.2711
3360,86.045,70.6795,73.9979,42.7065
3420,80.8423,64.3173,75.5326,42.3094
3480,78.7289,67.6757,77.8558,40.033
3540,79.3368,71.1749,81.9793,43.6452
3600,76.5916,65.5934,76.4863,39.55
3660,79.4446,64.0359,79.3861,41.64
3720,80.8268,72.0243,82.7831,37.3728
3780,81.8406,61.3632,81.1788,37.3821
3840,82.4541,66.4091,84.5541,42.1427
3900,83.0505,69.0805,82.604,39.9814
3960,84.5224,71.9713,83.7776,41.9987
4020,84.0238,67.5702,78.582,40.7547
4080,81.009,74.3026,82.8917,43.4392
4140,84.5225,70.2155,86.5695,37.1556
4200,81.047,71.5676,85.5488,34.8794
4260,84.8197,71.06,80.8853,44.8288
4320,83.5351,68.3819,82.2601,38.9911
4380,82.5543,73.5899,84.1325,38.0135
4440,81.8237,65.4063,84.1868,42.3017
4500,87.6497,69.7344,80.9491,40.6317
4560,83.6161,74.7855,79.6853,38.6582
4620,85.8323,70.5721,83.0888,42.6413
4680,86.5292,70.0144,79.0628,41.0668
4740,86.4221,73.448,82.5425,40.4643
4800,88.764,71.9594,83.1728,42.6347
4860,88.3917,72.5283,85.4899,37.4874
4920,90.1644,74.0686,81.0216,41.8923
4980,89.7279,72.494,83.8262,43.6612
5040,90.8583,72.6029,85.4471,42.0568
5100,91.483,70.139,86.2249,44.9964
5160,92.9934,71.6867,85.6366,37.0361
5220,89.6509,72.2643,85.1349,39.4163
5280,89.2069,72.9792,83.881,38.0673
5340,91.4104,72.2822,86.08,39.938
5400,87.3146,71.2163,86.0167,40.7738
5460,91.8964,73.1712,81.292,39.5514
5520,92.9919,73.7504,83.8646,41.9885
5580,92.4072,73.4539,82.1637,41.1774
5640,91.8252,77.0815,85.5932,39.2048
5700,89.5984,72.3435,81.6282,39.9775
5760,72.6022,58.1855,68.032,40.4274
5820,73.2826,56.5013,67.1518,37.4825
5880,74.396,57.9123,69.6298,36.6822
5940,71.1809,51.6825,65.1341,40.0849
6000,71.3493,57.4224,65.9579,37.7205
6060,74.0379,59.2301,67.6404,39.4826
6120,70.8212,56.1117,66.7205,38.2142
6180,72.9911,54.3833,66.3708,38.2816
6240,75.0014,60.1667,66.1214,38.2777
6300,78.2918,56.2197,66.8259,37.9437
6360,77.2089,53.1108,66.3833,41.3332
6420,71.8022,50.3745,60.2994,42.2484
6480,82.3836,81.4163,91.3182,64.7226
6540,79.7242,82.47,93.3903,64.2876
6600,80.8534,82.365,93.753,62.9071
6660,79.2846,82.1671,91.4561,62.7156
6720,79.5942,82.2611,94.441,62.4394
6780,82.6846,86.543,90.8218,64.3179
6840,79.6875,83.3627,90.4817,65.5621
6900,79.5909,84.2076,94.0727,65.5774
6960,80.3295,86.7607,92.0662,64.8053
7020,80.3902,83.9158,93.7214,65.9905
7080,81.9835,81.7405,93.5494,66.5748
7140,81.5088,81.7748,94.0235,66.002
7200,80.0211,85.9765,93.1282,66.6607
7260,82.8222,86.2225,92.4258,64.1016
7320,80.1621,84.4256,93.3614,64.969
7380,79.513,84.8643,90.2933,65.0478
7440,81.5528,83.708,93.6025,66.8962
7500,83.0016,87.7797,95.9938,65.8977
