Time,FC,PAS,PAM,PAD
-1,73,115,103,80
0,80.3,126.5,113.3,80
60,81.5812,127.641,113.625,80
120,78.7445,127.127,114.666,80
180,88.0809,127.076,126.367,80
240,79.2601,127.804,124.557,80
300,79.8675,129.579,112.928,80
360,79.2716,128.441,112.038,80
420,79.0018,129.074,114.589,80
480,79.8721,131.117,112.227,80.2329
540,82.3966,127.298,114.876,80.5386
600,79.6061,123.391,116.74,78.495
660,79.8298,123.747,114.362,79.2253
720,79.4872,129.469,114.913,81.2774
780,80.6403,127.659,115.279,80.8458
840,77.6585,128.503,112.017,78.0718
900,78.9234,103.878,86.9621,60.8303
960,76.4852,97.1622,90.323,61.3105
1020,75.9537,102.155,87.651,65.4663
1080,71.2661,107.614,93.8245,65.2452
1140,76.1582,103.8,92.417,63.9391
1200,69.4477,104.952,89.6216,80.6536
1260,74.0463,125.579,115.595,79.1544
1320,75.1399,129.856,115.618,78.3902
1380,70.3544,126.23,111.65,77.2815
1440,71.0728,123.909,116.261,79.5539
1500,72.4552,124.535,115.58,78.877
1560,70.7652,124.681,117.006,80.199
1620,74.0414,132.757,117.171,75.9406
1680,63.3001,87.2445,79.0331,56.7945
1740,59.7992,90.1106,53.1957,57.0099
1800,58.15,92.8541,54.0752,55.6179
1860,58.5777,94.8865,51.1605,55.3639
1920,62.263,89.776,77.4946,58.6324
1980,62.6398,88.7452,77.0552,58.5434
2040,60.2884,89.6453,68.0056,56.2083
2100,61.1807,88.8847,71.5042,55.5565
2160,61.0162,82.1245,75.7661,60.1219
2220,59.768,85.1793,76.1704,60.5514
2280,57.0963,57.4043,52.0444,44.4947
2340,54.9672,61.5631,56.5587,39.69
2400,56.1511,58.9804,51.1924,36.5433
2460,61.7045,57.3677,58.4428,44.611
2520,57.5315,65.9932,62.6568,43.1386
2580,59.1737,68.7146,53.5747,40.1629
2640,57.421,58.1784,61.2818,37.8426
2700,58.8524,69.7516,60.6734,36.9716
2760,55.7066,59.0063,54.6473,39.8176
2820,57.8486,60.7063,62.5809,39.8606
2880,68.4108,66.7001,72.3265,40.7487
2940,61.9982,70.0028,57.2031,42.7977
3000,62.8178,71.7582,58.425,41.7762
3060,60.148,64.2844,59.5256,43.5005
3120,59.3716,66.193,55.909,38.2337
3180,60.9332,63.5116,56.4154,36.8483
3240,60.3172,69.2229,50.6605,40.5816
3300,60.6241,68.749,52.286,38.5481
3360,59.4083,62.9494,50.5551,38.0523
3420,58.8158,71.4424,55.1677,35.9547
3480,62.706,64.5301,53.2135,37.0662
3540,61.5437,69.1829,63.8039,37.5437
3600,61.1831,63.7591,52.9093,36.5658
3660,64.5028,71.3033,63.3799,36.9544
3720,65.9157,65.7725,58.0536,34.9698
3780,67.5079,67.0413,56.5303,40.5594
3840,67.9901,64.2151,58.3767,36.4104
3900,67.6772,63.9585,59.4183,41.1781
3960,66.837,65.9749,56.896,37.6448
4020,69.3603,67.0333,58.6286,37.1965
4080,71.7861,72.1783,55.3256,39.0645
4140,82.053,80.3424,71.7605,36.0094
4200,83.1341,85.7074,68.9511,35.0452
4260,80.2999,79.1303,70.2691,32.9953
4320,81.2244,83.9613,69.4218,36.313
4380,83.2898,83.2553,70.0756,37.001
4440,84.544,77.1261,72.4904,42.04
4500,89.6769,79.757,77.1217,37.4101
4560,86.4757,83.6015,76.5713,34.8912
4620,88.558,75.774,74.0312,39.6316
4680,91.2924,78.9026,75.3196,39.2785
4740,92.3757,81.4626,76.395,36.4606
4800,92.9177,81.364,80.9156,37.9838
4860,89.953,81.7945,77.2411,36.2889
4920,92.595,81.8676,76.8119,38.1373
4980,91.3363,73.9506,81.8307,37.6821
5040,88.1275,73.9466,81.8104,43.3959
5100,87.8194,71.898,75.0474,34.1659
5160,90.3738,80.6314,78.6405,37.3679
5220,86.2341,84.1991,83.8949,39.1325
5280,87.0051,79.8321,74.7441,33.9628
5340,83.59,74.7992,74.6145,33.636
5400,85.3441,75.6555,78.3063,37.7461
5460,86.3054,81.4738,78.9111,30.6532
5520,88.4013,78.6591,82.3074,33.2491
5580,85.2273,80.0552,78.1102,33.9296
5640,87.4885,83.6219,73.7959,35.2876
5700,90.2908,89.4493,76.4625,34.5775
5760,87.6524,80.7612,78.5161,31.1787
5820,88.0652,81.2951,81.6048,34.7858
5880,89.3182,82.8417,83.997,33.9925
5940,84.2294,85.6274,79.2317,31.3755
6000,88.4781,84.3047,81.018,34.6526
6060,86.4929,86.9716,85.196,34.3474
6120,89.0403,81.8649,79.715,28.5832
6180,86.9835,83.9836,78.033,33.7876
6240,86.7895,85.2267,79.3915,38.4994
6300,87.3318,83.2111,82.6299,35.7247
6360,87.594,87.9663,77.2806,33.5088
6420,85.5765,80.1472,81.9452,34.1837
6480,86.1603,88.4214,81.7116,38.2377
6540,86.5264,85.5137,82.9012,36.6378
6600,87.3265,84.7919,84.1643,34.792
6660,87.4904,83.3813,83.7152,34.1684
6720,89.3035,87.1116,80.2047,31.7584
6780,88.1197,85.0092,78.8544,32.7554
6840,89.1917,84.9189,84.6034,33.6867
6900,91.0258,81.3861,81.845,35.0337
6960,90.5369,88.1593,80.6486,35.8465
7020,85.1933,85.1405,84.2187,35.5558
7080,87.1235,88.9628,80.7976,31.1281
7140,90.3996,77.5829,85.8488,34.5323
7200,85.8564,84.1805,79.7753,36.1937
7260,87.2701,84.523,84.9287,32.2515
7320,86.0722,83.5537,87.3953,36.4804
7380,86.0393,83.887,84.0214,36.7227
7440,86.0245,88.8762,79.56,33.396
7500,84.5699,81.9833,76.7655,31.229
7560,86.2918,87.8728,83.9716,35.562
7620,83.2041,81.6763,85.2896,34.685
7680,88.4582,80.7535,81.8461,30.5944
7740,84.0073,91.7712,84.2453,33.5347
7800,89.5493,83.9402,85.8097,37.0818
7860,90.1559,91.5592,78.2824,32.1438
7920,90.6153,85.8951,81.1044,35.9765
7980,89.4351,88.1812,80.8725,33.0145
8040,94.0557,89.3029,81.4754,34.1982
8100,94.5709,81.9749,84.3841,32.319
8160,96.1176,93.2902,83.2099,31.2424
8220,91.6609,82.3417,84.0507,35.3444
8280,91.9862,87.4293,84.9726,34.8523
8340,95.3222,89.7973,84.1794,38.1933
8400,92.8447,90.1035,82.527,35.4491
8460,92.4229,84.2486,82.8107,34.9233
8520,93.8914,88.9902,83.1821,37.3795
8580,93.0775,85.3524,82.0696,38.7133
8640,92.993,85.6361,84.5686,35.4322
8700,91.5933,88.5938,81.8966,34.4261
8760,92.6784,89.5854,84.4013,35.1997
8820,94.4421,84.1186,85.0104,36.6646
8880,92.7566,84.2177,85.1295,36.1114
8940,93.01,84.9314,83.8907,34.4109
9000,91.3054,83.8788,84.7555,36.171
9060,92.3326,89.8157,83.1565,37.1931
9120,73.8549,66.7074,69.0797,35.6632
9180,76.5441,66.5647,66.1774,35.2648
9240,72.3988,63.6861,64.5635,37.7886
9300,72.5902,64.9464,63.9886,36.1684
9360,73.4929,64.3932,66.641,37.4221
9420,73.5995,66.1088,66.1296,35.6892
9480,74.0396,66.5376,66.1607,37.2803
9540,74.1248,64.6349,64.0118,37.3605
9600,73.5867,65.1271,62.3527,35.2021
9660,73.8188,65.8289,64.5662,36.0649
9720,66.0375,62.3064,56.5235,36.4304
9780,71.156,99.9018,95.3785,58.9173
9840,73.4486,101.378,91.3355,57.0277
9900,71.4262,102.088,92.3296,59.8031
9960,72.1827,97.095,92.1871,60.7157
10020,71.7454,100.552,93.3234,59.6581
10080,74.3674,99.9172,94.7824,58.2619
10140,74.4121,98.1366,94.1721,58.4683
10200,71.2179,102.1,94.8265,58.2215
10260,72.3676,101.151,94.2061,57.4631
10320,72.718,101.729,91.1757,60.1412
10380,73.5736,99.258,92.2772,57.3982
10440,72.7588,100.422,95.3222,60.5315
10500,71.6851,99.2587,92.5578,57.7195
10560,74.6331,97.6745,92.8815,60.9646
10620,72.399,97.3267,91.6919,59.5693
10680,70.6577,96.6771,94.9524,58.9278
10740,73.7384,99.8812,93.3503,58.1573
10800,72.1081,100.497,95.5334,57.3173
10860,70.8758,98.2454,91.4329,59.5885
10920,74.0012,100.206,95.1649,57.6414
