Time,FC,PAS,PAM,PAD
-1,80,118,96,79
0,88,129.8,105.6,79
60,87.0476,130.879,104.542,79
120,87.5036,129.31,103.047,79
180,95.8274,126.585,113.885,79
240,87.435,128.476,107.159,79
300,86.0624,128.24,106.462,79
360,86.6343,126.687,104.391,79
420,89.3073,129.747,108.226,79
480,86.3376,130.154,106.141,80.4604
540,87.8772,132.545,108.337,79.6537
600,87.9616,132.809,104.827,80.0577
660,89.0588,132.565,103.721,78.0724
720,88.5872,133.186,103.435,77.2839
780,86.8675,134.627,108.981,78.5621
840,88.9257,125.389,105.71,79.9784
900,85.7489,130.164,108.328,78.8093
960,84.3796,104.78,85.9427,58.6645
1020,84.2796,98.0932,81.7615,59.2587
1080,79.4732,101.668,77.8662,62.4318
1140,80.118,104.89,88.0112,63.0933
1200,76.7807,105.01,110.326,63.8481
1260,80.5856,132.129,105.617,80.9587
1320,77.2201,129.543,102.542,77.6298
1380,79.2895,127.854,103.596,78.0346
1440,75.3854,128.686,98.9896,78.093
1500,79.5823,132.132,105.678,77.6551
1560,79.0199,124.786,108.542,79.1263
1620,80.467,130.016,103.267,80.5164
1680,77.2599,129.099,105.287,82.0388
1740,73.5715,84.7012,74.0528,53.1449
1800,64.8522,87.1389,47.809,56.6624
1860,66.8208,89.7255,50.0949,52.1217
1920,63.8397,85.6384,45.0783,55.8088
1980,70.4921,87.1613,62.3773,55.4618
2040,68.6126,82.7881,69.6011,55.1401
2100,68.4517,84.8674,68.7961,51.75
2160,71.3107,87.7216,67.7544,51.6551
2220,67.6947,82.9793,68.4929,54.1685
2280,69.8356,87.9261,69.7374,52.939
2340,63.7733,57.587,48.3085,37.1373
2400,66.7394,58.5968,45.2534,39.2782
2460,63.0194,55.5317,47.8881,36.7917
2520,65.6202,63.6792,52.2473,37.9232
2580,67.8261,56.4941,49.2712,41.4225
2640,64.3463,64.9918,53.4477,37.887
2700,64.9495,60.3401,47.217,39.0962
2760,64.5127,61.9521,50.5718,36.4595
2820,63.5437,61.086,54.1239,39.854
2880,65.0689,57.1901,51.7728,36.4558
2940,63.5597,62.6906,50.2564,38.5992
3000,59.8413,65.8459,51.6243,37.7597
3060,76.732,71.8926,65.5179,37.5683
3120,63.0904,55.0059,49.853,39.9799
3180,63.0346,62.784,50.8741,40.4419
3240,68.1808,64.4475,50.2476,39.2311
3300,68.4919,70.9833,54.7789,37.4778
3360,67.1578,59.7975,50.9262,39.4133
3420,66.6766,63.6915,49.4045,38.6181
3480,65.6576,63.672,49.3041,39.8041
3540,70.359,61.238,47.4935,39.8358
3600,70.5013,62.0767,52.2138,43.2135
3660,71.7106,59.6241,51.4234,39.0443
3720,71.4792,69.8525,52.9276,37.3505
3780,74.0228,65.2946,49.7137,36.6483
3840,73.7466,66.4412,50.7136,38.6306
3900,73.6871,61.2587,51.2367,35.7508
3960,74.473,60.634,50.607,37.2349
4020,71.5034,65.9807,55.2457,40.9267
4080,75.7969,60.9859,51.7898,36.7412
4140,74.8126,59.3353,50.8268,38.8196
4200,74.9077,61.4244,47.8437,36.3698
4260,73.2668,64.0656,50.6119,37.5007
4320,71.803,61.8517,50.0925,38.8667
4380,71.8222,56.6527,47.791,39.0297
4440,73.6026,59.0298,54.4317,38.9863
4500,74.8548,55.2868,53.8867,38.3772
4560,74.7949,63.6113,51.5209,38.233
4620,89.049,79.2835,64.0089,38.547
4680,89.8923,76.0089,64.8579,39.165
4740,89.3023,75.6594,63.8057,39.025
4800,87.5685,73.5674,61.1784,36.6632
4860,88.2956,73.0158,61.9463,36.7899
4920,91.5155,72.7845,62.3084,37.8876
4980,97.958,84.8804,65.503,37.7092
5040,94.8679,83.5375,65.6048,41.1874
5100,96.6941,79.5742,68.576,37.6774
5160,99.5683,80.5253,67.8826,35.6779
5220,103.322,85.505,69.6903,41.0392
5280,102.8,82.6725,70.9389,36.6811
5340,106.495,81.1073,69.2039,36.7406
5400,108.928,81.0655,65.6497,39.1461
5460,109.58,88.7097,65.5558,39.677
5520,107.004,85.3482,66.0091,39.2615
5580,102.412,80.7825,69.3916,39.8901
5640,102.285,83.4747,68.6336,37.4955
5700,95.335,84.8115,73.711,38.8113
5760,95.5967,86.2838,66.7271,39.2794
5820,95.9849,83.7052,72.2983,39.732
5880,92.9542,83.47,70.0384,33.1569
5940,96.6898,81.5787,66.4853,33.2359
6000,98.1644,83.4863,67.366,34.1277
6060,99.8158,77.7205,70.3643,35.806
6120,98.9598,83.1898,70.595,35.847
6180,99.2911,79.7914,67.1573,38.174
6240,95.1519,84.1509,69.8152,39.7819
6300,95.5829,89.008,65.8725,36.1826
6360,95.0822,81.8976,71.7362,37.4906
6420,96.798,84.3805,67.7617,41.2745
6480,97.3893,84.8696,67.3502,40.1193
6540,96.3436,81.7169,66.8353,42.0857
6600,96.0306,79.4961,70.0922,38.8015
6660,94.6383,74.9095,70.7716,37.2832
6720,96.661,80.216,70.8951,42.8088
6780,93.8361,82.8211,68.7791,36.8806
6840,95.3195,79.547,67.2379,36.9023
6900,95.8295,78.6007,70.1344,35.3374
6960,98.868,80.5694,66.5535,41.3218
7020,97.7375,89.3772,71.648,40.3158
7080,96.9648,85.5162,70.3526,38.622
7140,96.0068,79.8708,70.5881,36.1065
7200,93.8677,82.1121,66.6678,38.123
7260,97.1039,79.9587,70.259,37.7366
7320,99.9549,81.1532,68.5832,40.9828
7380,93.4662,78.2528,67.9336,39.7699
7440,99.8515,77.9519,68.3906,34.6254
7500,97.0964,87.205,68.6427,37.5378
7560,95.6946,78.8937,72.2078,39.1812
7620,97.6559,80.4256,71.0575,37.0612
7680,95.3238,87.9735,70.077,38.9813
7740,98.8945,84.2081,69.5653,37.8581
7800,97.7055,81.1282,67.6169,36.3242
7860,97.2733,80.8779,70.231,40.6696
7920,99.6821,80.7862,68.569,38.9935
7980,98.6998,88.0707,68.3809,40.565
8040,96.1775,86.6435,70.3359,40.0504
8100,96.5829,88.376,71.2795,40.9357
8160,96.9654,82.8913,68.7002,41.4193
8220,99.2691,89.1228,69.5516,38.0481
8280,101.057,87.4265,66.6708,38.5698
8340,106.459,85.504,68.59,38.7185
8400,107.238,84.0241,66.4811,35.2886
8460,111.724,83.3322,68.5346,36.7685
8520,110.416,83.8341,62.3109,38.3807
8580,106.862,89.1702,66.1764,37.6178
8640,109.229,85.4106,63.0516,38.5203
8700,111.599,86.4322,64.9584,33.5383
8760,107.81,85.5672,62.9058,36.8492
8820,105.569,85.0518,67.0749,36.8333
8880,106.945,87.3683,65.6285,33.9166
8940,108.601,88.6087,62.5848,38.4414
9000,106.628,81.8232,68.1988,36.8771
9060,110.694,84.3358,63.4208,38.6216
9120,107,85.2652,68.5294,36.184
9180,107.269,87.1343,66.4734,35.476
9240,108.999,87.9075,63.2857,36.4304
9300,110.026,83.6435,63.7399,34.8082
9360,108.214,83.1578,69.3403,35.2706
9420,107.852,87.102,64.0765,37.4271
9480,108.477,86.8202,66.0351,36.8086
9540,111.868,86.3889,69.9289,37.2672
9600,109.001,86.2714,66.7901,36.0837
9660,107.155,84.638,66.2085,35.0851
9720,106.891,87.6864,65.6984,35.1642
9780,108.79,85.9855,67.9061,37.8193
9840,108.22,81.2702,66.6768,39.5719
9900,109.304,85.32,63.9259,36.3314
9960,109.876,83.5624,64.2935,35.4937
10020,108.554,82.7612,65.8219,34.9696
10080,105.293,90.7644,65.6178,39.7036
10140,105.172,87.1692,62.4087,34.68
10200,110.229,90.1215,67.9044,34.36
10260,109.419,89.574,63.1812,34.8263
10320,108.093,89.8265,65.2344,36.0998
10380,83.7048,72.8085,50.7186,34.2706
10440,86.3735,71.0872,53.3209,36.8398
10500,83.7554,67.5978,47.7104,37.0619
10560,86.2267,70.0093,47.7733,37.9875
10620,85.5691,71.2925,48.7254,35.5389
10680,85.4006,66.5554,51.6835,36.8984
10740,86.1868,68.3319,49.4709,36.2899
10800,85.6215,67.0342,48.4909,37.2971
10860,77.5463,60.2697,41.7663,39.9722
10920,85.9704,97.1103,75.7699,62.7749
10980,86.0087,100.78,73.4668,62.2852
11040,85.8037,98.3482,74.6165,59.9815
11100,83.4971,98.1406,74.2678,62.3891
11160,85.4758,101.152,75.1411,63.5502
11220,86.4863,100.955,73.7794,62.4924
11280,83.9887,100.004,73.0782,61.7421
11340,84.5902,96.8293,74.4018,62.2929
11400,85.0129,96.7601,74.6804,61.9242
11460,85.376,99.474,73.2874,62.0843
11520,85.5664,99.1743,75.4823,63.9334
11580,85.2239,101.448,75.7968,61.5983
11640,84.8505,97.0727,74.4027,62.2434
11700,85.7049,99.517,73.9125,60.5794
11760,82.7716,98.0497,75.786,62.2101
11820,83.5792,101.987,73.636,63.456
11880,86.1912,99.6824,74.6777,62.4767
11940,86.4673,99.2497,73.7049,62.9492
12000,85.9728,100.755,76.4619,62.1016
12060,84.5824,98.6993,77.4229,60.3154
12120,84.0782,101.332,78.961,60.7753
