Time,FC,PAS,PAM,PAD
-1,73,117,101,77
0,80.3,128.7,111.1,77
60,79.8016,128.495,111.8,77
120,79.5623,128.835,112.355,77
180,87.4329,131.888,120.254,77
240,87.3905,127.123,111.646,77
300,80.79,129.09,109.171,77
360,80.656,127.347,110.515,77
420,80.9923,129.213,113.402,77
480,81.3218,128.767,112.013,77.1074
540,80.7847,126.498,111.395,77.0153
600,82.3018,130.702,109.084,75.3945
660,79.4322,130.93,111.661,76.2958
720,78.5242,129.192,109.201,77.2212
780,80.1876,123.838,107.757,76.7864
840,81.6147,132.771,109.774,76.1344
900,76.7729,129.235,107.761,77.4137
960,78.0975,109.32,84.2308,59.2654
1020,76.3131,97.1449,90.107,57.6128
1080,73.3639,99.4359,84.6205,63.3458
1140,74.5823,105.853,86.9905,63.2386
1200,71.6623,134.498,85.9169,60.3781
1260,69.9209,126.776,83.123,80.6391
1320,68.3761,126.774,112.454,78.3161
1380,69.5143,131.095,110.479,76.9505
1440,77.1246,125.767,112.498,80.6546
1500,74.5038,133.747,112.831,71.7809
1560,69.5169,128.41,115.1,76.7649
1620,73.114,132.83,112.285,79.4688
1680,75.468,133.195,111.392,78.953
1740,71.5994,125.47,108.6,75.7085
1800,65.0909,86.4049,76.8925,54.3273
1860,59.5588,92.1016,53.9846,57.1274
1920,59.611,86.296,51.289,53.9541
1980,58.6278,89.8585,52.5557,57.2588
2040,64.2343,86.1763,73.0484,54.4398
2100,64.9657,87.4745,71.1266,57.1545
2160,60.754,87.3551,73.4639,52.1024
2220,60.4068,86.3255,73.5579,52.7916
2280,62.0831,85.4913,71.8147,54.5825
2340,61.5669,85.8999,73.9532,53.3141
2400,65.5119,87.578,76.004,53.938
2460,57.6668,61.5926,48.8832,36.9581
2520,54.8862,58.4854,48.2619,35.5458
2580,62.5584,63.4426,52.6565,38.6102
2640,61.2031,58.2997,53.7228,39.2571
2700,61.0066,59.7639,54.4178,41.0246
2760,59.8295,63.1333,57.3329,36.1435
2820,56.1349,55.1176,56.9581,41.768
2880,56.5494,59.188,56.753,41.2721
2940,55.9775,68.1006,54.0082,32.5848
3000,57.4582,63.0968,50.4714,37.2853
3060,60.3326,56.7591,54.5662,37.8271
3120,59.7669,63.8362,54.0891,38.6048
3180,59.8397,64.9857,50.7498,35.127
3240,73.9596,76.5257,63.3515,38.4155
3300,68.7514,64.1175,51.1213,39.5994
3360,70.9347,63.6481,53.777,35.8423
3420,67.133,68.0635,50.7599,39.2476
3480,71.6843,71.4065,54.9484,35.9134
3540,68.5784,66.3711,50.9415,38.2618
3600,69.0926,65.9356,50.1937,32.627
3660,67.5968,68.7964,48.3229,37.08
3720,69.0524,65.7355,52.5597,38.1451
3780,68.2105,75.8761,54.8441,35.2341
3840,69.4981,73.8315,49.0801,34.6641
3900,68.2786,69.1471,53.2878,32.1102
3960,67.1254,74.544,50.5084,41.851
4020,66.4988,71.129,52.3544,34.7845
4080,69.3582,69.3007,51.4554,39.742
4140,68.822,69.6818,51.8027,43.2078
4200,68.8411,69.3015,51.5345,40.1069
4260,67.4251,69.6095,54.5724,41.055
4320,67.002,66.0334,54.1648,39.2076
4380,77.129,75.0855,65.4053,41.463
4440,80.1722,74.8024,64.9772,42.6812
4500,80.5273,80.7339,65.6324,40.6015
4560,76.6674,79.2069,65.4473,42.3248
4620,77.2032,79.0598,70.8907,40.6419
4680,77.7848,80.5173,66.159,38.1436
4740,83.2768,85.0924,73.2064,40.8209
4800,88.1137,81.9595,72.9801,42.7403
4860,85.7247,85.7484,72.0584,42.9482
4920,89.672,83.7044,72.9974,43.1262
4980,94.8026,85.2884,74.5194,38.2622
5040,95.452,82.7787,71.8589,39.4715
5100,92.0706,82.8779,73.7935,39.3913
5160,91.97,86.4049,71.2036,43.8936
5220,94.2822,85.9039,71.0165,40.8941
5280,90.7262,83.6079,73.8397,38.3867
5340,91.6419,81.3698,75.6908,39.2833
5400,87.5935,86.4994,69.7211,40.539
5460,84.6968,83.78,72.3188,43.134
5520,86.1094,87.7281,74.7345,37.2768
5580,81.611,87.5837,73.4724,37.1793
5640,86.5061,83.0051,71.1553,40.7873
5700,83.9398,85.4008,74.0149,40.1268
5760,86.8574,85.7113,74.5727,38.3698
5820,85.5656,82.023,73.6768,40.7597
5880,80.9875,83.8881,69.2253,38.1604
5940,86.0903,90.1897,69.663,40.7862
6000,85.4325,85.3873,73.8966,39.331
6060,82.2444,84.7413,73.9031,38.6766
6120,87.4575,85.0274,71.0876,37.2617
6180,86.6019,89.8641,72.8892,38.37
6240,86.8461,86.0076,72.4248,39.1081
6300,81.9278,86.8549,73.8816,35.1427
6360,83.9575,86.0119,70.7829,38.755
6420,82.1029,87.5626,72.7498,40.1793
6480,82.1685,82.5797,72.9796,40.1274
6540,81.3346,80.9093,70.8813,41.8536
6600,82.4827,89.4342,72.6846,39.2701
6660,86.7785,89.2956,70.2841,40.2349
6720,83.0559,82.0251,72.5576,40.5875
6780,85.5776,86.2726,72.3873,39.8058
6840,83.2545,85.1723,73.4025,41.5361
6900,82.9465,86.1681,70.7568,38.3996
6960,84.1743,82.7395,71.8188,39.5664
7020,82.1881,86.58,67.925,37.8882
7080,81.846,85.304,73.8051,41.2442
7140,84.1162,85.1325,70.8297,37.2164
7200,83.3436,87.4817,75.2604,38.9443
7260,84.8636,83.366,72.346,38.9154
7320,84.2871,86.7248,72.0613,43.6167
7380,86.2587,85.3085,76.1795,41.295
7440,84.0252,86.1819,66.637,40.2289
7500,86.153,85.3854,74.4308,40.1476
7560,89.4344,85.6303,73.8704,40.7424
7620,89.8592,84.7651,71.6074,44.4687
7680,93.7291,84.813,69.7318,40.4648
7740,96.7399,86.5504,68.9962,39.6415
7800,92.5239,88.6499,72.8212,37.7592
7860,96.7759,91.8814,71.0898,38.3643
7920,94.8971,88.8904,69.0173,38.9894
7980,94.1588,87.5796,69.6732,43.3754
8040,94.2266,84.5059,70.8134,44.837
8100,92.9229,82.937,69.9369,39.5397
8160,95.4169,84.7892,73.2473,37.6559
8220,97.8639,90.1687,71.0381,43.5823
8280,93.6079,87.2595,68.7882,43.7832
8340,96.3694,82.5593,71.8821,44.9199
8400,95.7557,83.9708,69.2113,40.0423
8460,94.2587,80.4028,69.6228,40.0416
8520,93.0165,84.3171,71.2541,38.9554
8580,94.365,87.0878,71.3308,38.2247
8640,95.1836,87.59,70.5589,40.0428
8700,98.0122,86.0596,68.4087,39.2966
8760,95.1815,89.1378,68.8917,41.6754
8820,95.0737,85.77,68.2357,41.9898
8880,96.0394,87.5804,68.735,39.3632
8940,94.7415,85.2735,69.7231,41.4673
9000,95.7444,88.4823,69.3133,41.9689
9060,95.83,85.3263,69.6866,39.3105
9120,97.7689,88.2073,69.1445,39.9693
9180,95.7844,87.307,68.2896,39.0219
9240,97.1122,89.1626,68.3737,41.9381
9300,98.0951,85.9963,70.3174,39.919
9360,97.1053,89.0123,70.034,41.534
9420,97.6229,89.8823,69.4547,39.0048
9480,96.9577,88.6611,71.6088,42.6553
9540,97.4051,86.7915,68.4906,41.158
9600,78.6624,69.9042,58.0537,39.6728
9660,78.349,67.8851,55.7888,40.8818
9720,78.2297,70.1827,55.5877,41.9108
9780,75.2309,69.8037,51.5888,39.9755
9840,75.3603,68.3158,51.2906,40.7467
9900,74.9092,67.2323,53.6957,39.4164
9960,73.2268,67.8712,51.814,42.2858
10020,75.971,66.6884,53.0915,42.0949
10080,67.4026,59.934,45.7225,41.1022
10140,72.4624,97.8424,78.504,62.4494
10200,74.3347,97.8427,78.1909,63.9251
10260,72.2627,96.3182,81.8049,61.6099
10320,73.7064,100.412,80.3674,62.793
10380,72.261,96.6163,80.2302,63.4066
10440,73.5994,99.1138,79.4312,63.9309
10500,70.9165,99.7046,79.7416,64.4555
10560,71.7954,98.1611,79.3057,64.28
10620,70.8637,97.8716,81.9132,65.4011
10680,74.2954,95.7142,80.289,62.6801
10740,71.6076,98.1708,79.642,65.5388
10800,72.7464,95.5972,79.363,65.1734
10860,71.7398,100.074,79.5942,65.5688
10920,73.188,99.3726,80.4504,64.0973
10980,73.1075,95.8227,79.5689,65.0489
11040,73.0321,99.1863,80.2915,63.8486
11100,71.6336,98.3075,80.2177,61.9304
11160,73.0598,96.2112,79.9403,64.7682
11220,73.3228,100.06,81.202,62.0976
11280,73.9889,99.6205,81.1865,62.0073
