Time,FC,PAS,PAM,PAD
-1,82,134,101,89
0,90.2,147.4,111.1,89
60,90.463,147.655,112.66,89
120,91.3302,146.236,108.963,89
180,97.7398,150.957,121.976,89
240,88.3505,149.784,119.842,89
300,89.3024,146.818,108.725,89
360,88.5787,147.224,110.575,89
420,91.2251,145.841,110.62,89
480,88.2274,150.509,111.093,86.8853
540,90.1645,145.718,111.526,87.5735
600,88.5375,150.756,110.578,90.6038
660,89.4971,141.501,111.554,90.4527
720,90.0189,143.838,110.405,87.1222
780,90.2645,141.679,112.591,89.8883
840,89.7257,148.569,112.018,87.4977
900,88.5154,118.481,88.1889,75.8862
960,83.5859,117.119,88.4321,70.6964
1020,84.1064,119.335,88.4685,68.2747
1080,80.963,114.059,89.6412,75.1059
1140,79.0433,148.005,90.8305,73.0661
1200,83.202,146.586,111.419,73.3881
1260,82.8256,147.01,110.54,84.656
1320,79.7983,146.114,113.934,86.488
1380,76.0365,107.238,78.2186,64.4464
1440,69.9833,107.162,45.3359,65.017
1500,71.297,105.285,48.7346,66.2666
1560,69.4957,99.9871,53.9851,62.9732
1620,75.6034,102.637,70.0415,66.7531
1680,76.0221,100.692,69.9151,61.5626
1740,73.6746,99.8173,70.5136,62.4375
1800,74.0354,103.827,72.0461,62.6804
1860,73.678,101.534,69.0412,61.5475
1920,73.4351,101.363,69.4028,66.1524
1980,77.0849,105.087,71.7007,62.0393
2040,68.7771,65.0883,47.4838,46.0544
2100,68.1325,69.1659,50.8488,44.9541
2160,72.0851,66.9745,54.8057,44.224
2220,71.7336,66.7088,53.8726,43.4247
2280,85.49,80.0832,64.7227,46.3092
2340,72.3326,74.7561,60.7499,44.3402
2400,71.1063,73.1808,67.4584,44.7567
2460,70.0509,74.5595,60.0149,45.0139
2520,73.4101,80.1328,56.303,41.5287
2580,71.5672,74.7451,65.5433,45.4379
2640,69.7238,77.9249,63.7937,50.194
2700,82.172,88.5605,70.7047,46.7944
2760,83.3504,94.6181,66.3558,50.4961
2820,82.8969,90.1554,69.6147,41.3364
2880,80.3561,91.6115,71.1657,47.3054
2940,81.617,86.6531,71.0161,43.5567
3000,83.996,93.4811,72.0543,45.7764
3060,88.0895,100.085,71.278,43.343
3120,87.9487,98.1089,74.1089,49.1713
3180,89.5848,90.6997,69.8714,47.8987
3240,85.6182,91.9766,76.6835,42.0697
3300,88.2198,95.3216,68.046,43.9212
3360,90.3626,93.315,73.9987,48.1063
3420,87.3715,97.7141,75.0461,45.6891
3480,86.0416,99.3586,76.2448,40.4303
3540,85.8191,96.1296,78.0662,49.5097
3600,86.9619,97.4443,75.7616,39.9001
3660,86.174,93.787,71.9836,44.8277
3720,86.8337,91.6267,73.9203,48.6188
3780,82.8762,98.1795,73.4299,46.9006
3840,85.1953,93.5508,74.4333,41.706
3900,85.2971,87.5464,70.3513,37.523
3960,86.3722,97.3311,73.3262,42.8143
4020,87.572,94.2226,69.1818,40.5722
4080,86.1614,93.2908,73.3488,44.6827
4140,87.1867,93.7801,74.853,42.2138
4200,88.9417,91.782,70.6982,42.5974
4260,88.8749,95.6385,71.235,44.7569
4320,86.4975,89.6319,70.5621,41.4492
4380,88.7902,97.3543,72.1555,48.1559
4440,88.5545,91.3735,68.5648,44.2479
4500,85.4658,89.615,71.9564,46.6363
4560,88.1929,89.1839,69.1215,37.5853
4620,88.4305,97.1802,74.1093,44.3331
4680,86.7348,92.3549,70.9275,41.3483
4740,89.2592,88.4183,70.1155,45.9724
4800,89.1223,92.2311,72.0954,43.5314
4860,87.9352,86.6762,75.401,46.4314
4920,89.5498,87.7447,69.4777,46.5449
4980,88.8997,86.9075,71.206,41.6355
5040,90.9921,87.8734,69.8644,38.9487
5100,90.4977,84.9945,69.4669,46.8565
5160,91.0712,85.6037,69.4688,44.6136
5220,93.0042,87.1036,73.4187,42.6039
5280,95.0519,86.0139,69.8866,42.1241
5340,94.3994,88.6801,70.3328,38.3609
5400,95.6641,89.983,71.9201,38.2487
5460,95.4295,90.4343,74.0647,42.5711
5520,96.3369,86.3843,70.1202,38.674
5580,94.8667,90.5721,68.5461,41.4117
5640,95.5919,92.5784,66.7139,39.2083
5700,95.2376,91.4894,69.3159,37.5993
5760,94.4098,89.8822,65.9332,37.4234
5820,94.929,87.44,69.2446,40.0648
5880,97.3251,88.9404,68.7668,41.6202
5940,96.7125,83.8381,69.4214,40.2665
6000,97.2952,86.9739,71.9254,39.4247
6060,96.8366,89.5495,65.2946,38.2268
6120,94.2453,89.4438,71.8171,40.0108
6180,96.2887,88.0813,70.6247,40.9188
6240,97.1464,87.5039,68.9984,43.1833
6300,97.1595,83.6583,68.5304,42.0829
6360,94.9393,86.3696,66.1603,41.4539
6420,96.8603,86.8378,67.9092,41.1165
6480,98.6724,85.2135,67.2762,41.4539
6540,99.674,84.4527,70.6525,40.6798
6600,101.087,83.734,69.5197,43.598
6660,81.1186,66.8441,54.7212,40.4557
6720,82.7512,68.4919,55.8223,38.9368
6780,85.4398,70.6573,56.2852,39.6118
6840,88.3099,62.1404,51.7052,39.3015
6900,87.7707,62.419,50.635,37.4081
6960,86.2303,65.5251,50.3242,41.6762
7020,87.7746,63.1363,51.9131,40.1472
7080,86.0844,60.9034,52.9384,39.5672
7140,78.9608,54.1491,43.5885,37.5458
7200,86.8111,98.6428,78.9328,66.9018
7260,84.7449,96.8546,79.0807,63.6157
7320,84.9359,101.43,79.8303,67.5129
7380,84.482,100.99,81.7202,64.6821
7440,85.9318,97.4698,78.9342,64.5406
7500,85.8121,101.514,81.5003,66.363
7560,86.7973,100.758,78.5304,65.2946
7620,87.0861,97.7163,79.7579,67.2196
7680,85.7904,101.001,80.6477,66.839
7740,86.6042,96.7377,81.331,63.8741
7800,86.7739,98.7059,78.0686,63.4706
7860,84.5111,96.8207,79.1598,66.7079
7920,84.6653,100.181,77.938,66.757
7980,85.5989,102.028,79.7031,65.0891
8040,86.192,100.373,81.2641,66.3409
8100,86.7314,98.5144,80.1186,65.2674
8160,84.4132,98.1633,78.7471,67.5233
8220,84.8302,100.944,80.6593,64.2021
