Time,FC,PAS,PAM,PAD
-1,63,126,80,84
0,69.3,138.6,88,84
60,67.862,141.301,89.0336,84
120,69.3819,137.265,87.5511,84
180,74.6058,137.503,95.7949,84
240,69.9608,137.126,98.6767,84
300,68.7609,136.524,85.8801,84
360,68.223,136.621,87.7753,84
420,68.3979,140.474,85.8952,84
480,70.1515,140.759,87.0136,83.6189
540,71.2377,140.378,87.2953,84.9524
600,71.7427,137.321,89.5554,82.0462
660,72.075,134.894,85.7555,83.7638
720,65.5197,141.766,85.1275,85.4869
780,84.31,117.134,70.9324,79.2387
840,83.2556,120.296,76.1659,75.0461
900,80.3519,118.835,71.1648,78.0722
960,78.9853,114.942,74.5738,77.2852
1020,77.2313,116.42,67.4229,76.6027
1080,75.7754,116.768,75.2182,79.8562
1140,77.6093,113.539,72.7755,79.3466
1200,73.4984,86.8219,51.8815,56.5249
1260,70.8173,78.4417,32.1994,53.9832
1320,69.6459,79.8759,34.3294,57.3106
1380,68.4724,79.1787,35.4348,54.1703
1440,74.6004,77.2393,45.891,56.8903
1500,75.1527,75.5566,42.8667,56.2498
1560,74.6358,71.4011,43.4472,54.6793
1620,73.6495,73.3052,44.7726,54.4329
1680,76.1247,94.0091,52.4399,58.8195
1740,77.5054,86.5242,53.6629,55.9369
1800,72.8415,84.963,51.1337,56.2633
1860,77.5374,89.4463,53.3042,58.0909
1920,69.3769,58.654,39.5646,37.9908
1980,70.251,56.3499,35.4627,38.0674
2040,70.1281,66.3183,37.8673,39.1783
2100,66.9537,59.9222,39.5456,38.3875
2160,74.1712,60.9202,39.7748,40.8764
2220,90.5681,82.4767,53.2166,35.6591
2280,75.6759,71.2286,44.4252,40.6467
2340,75.6711,70.7161,35.9413,39.4612
2400,74.3761,73.5709,36.7436,38.6218
2460,73.9132,71.9664,39.826,36.4569
2520,72.1271,70.1135,41.0611,37.3833
2580,74.2843,70.6425,41.6635,38.7566
2640,73.0943,69.0466,38.2109,38.0167
2700,73.3952,69.4456,38.741,45.0022
2760,71.8976,70.815,42.8143,45.4531
2820,82.2721,80.3796,55.6247,39.0256
2880,81.6538,79.2712,53.4064,40.1612
2940,83.1198,81.1642,51.1845,40.8686
3000,85.5673,79.8211,48.2496,38.0286
3060,82.8547,85.8368,52.8337,42.2157
3120,82.4935,84.6324,51.1562,41.3473
3180,88.9919,85.5696,53.405,42.6668
3240,88.9006,83.9256,51.1306,37.1643
3300,88.7025,79.3925,53.9379,40.3061
3360,89.4169,84.9643,55.2995,41.3383
3420,91.3315,86.1809,54.1036,40.677
3480,94.3929,81.8026,53.5517,38.6055
3540,92.9642,77.6247,51.3898,41.3615
3600,93.0338,86.4686,52.8071,42.4578
3660,95.8394,84.5441,53.5689,41.1339
3720,94.1888,84.4176,51.849,42.5349
3780,92.4718,82.114,54.6559,46.8996
3840,92.3452,80.0367,49.0357,40.9882
3900,91.0051,73.862,53.4362,40.745
3960,91.725,89.4653,51.8258,42.6928
4020,89.6559,79.5295,53.3812,39.5153
4080,92.0443,79.9942,50.0246,49.0726
4140,93.5389,76.6167,54.1981,47.0183
4200,91.5937,79.852,51.8142,42.614
4260,92.2769,82.6502,52.1319,42.2606
4320,91.9159,85.2134,50.9411,45.0398
4380,93.9707,80.3958,50.6079,39.7477
4440,91.9272,81.8733,54.556,42.5203
4500,92.254,81.4138,55.2705,43.8001
4560,90.9741,80.5913,53.6643,41.02
4620,92.2229,82.4916,57.0561,43.6942
4680,92.4812,82.8523,57.0159,40.4804
4740,93.1531,80.1467,56.837,40.9526
4800,91.3675,75.3736,54.2805,41.1523
4860,94.3606,82.3827,54.0816,41.5745
4920,92.8623,79.1037,53.2295,42.1829
4980,93.6174,81.8202,59.7724,41.1557
5040,93.8599,81.4703,54.3918,42.6377
5100,95.6729,85.0971,56.3772,46.2009
5160,94.1079,77.7756,57.2015,41.3966
5220,96.4337,85.035,53.3644,42.063
5280,99.8299,84.9493,54.1298,43.3668
5340,100.671,80.4567,54.3849,42.9768
5400,100.429,81.0805,55.0088,44.3868
5460,102.885,79.1541,56.2782,40.2824
5520,100.733,81.4822,55.8923,39.5549
5580,100.069,80.8042,55.6004,41.2363
5640,102.399,79.2611,56.6768,43.2169
5700,99.8876,81.1371,54.7809,39.1009
5760,100.697,76.2429,54.561,42.4776
5820,100.651,83.782,53.7314,40.5968
5880,103.535,87.014,55.1268,43.5429
5940,103.142,83.5665,53.1629,42.5269
6000,103.847,79.6069,54.3708,40.8246
6060,101.005,78.7397,55.5082,41.692
6120,101.883,78.2104,56.5671,38.8227
6180,104.622,80.7055,53.3926,43.4265
6240,102.954,80.7535,54.0038,41.8027
6300,104.672,81.1335,56.3226,40.1574
6360,103.911,85.5114,53.9736,41.7244
6420,104.41,85.0917,53.6126,43.1308
6480,102.579,82.8091,56.7771,44.2966
6540,102.625,78.5489,54.3508,38.4413
6600,103.605,83.7468,53.558,43.9221
6660,103.097,81.541,57.0032,38.8258
6720,106.289,87.0222,55.2606,45.0649
6780,108.409,79.243,55.0288,42.5981
6840,108.163,79.1739,55.4766,41.0683
6900,89.1687,67.3986,44.9859,40.4999
6960,90.8882,64.3615,42.703,43.0981
7020,95.6249,65.2644,41.8698,44.2776
7080,93.329,67.2098,42.8144,42.7494
7140,91.5394,66.3271,43.2038,42.0765
7200,93.4391,65.1142,45.2994,43.1936
7260,91.4988,64.445,42.4486,43.1205
7320,91.7288,66.4731,43.3901,41.3556
7380,92.7223,65.1372,43.731,41.7747
7440,94.1848,63.7054,43.5078,42.6671
7500,83.3463,55.437,39.1774,40.5779
7560,89.6658,95.3339,63.0101,64.8967
7620,91.2794,90.0841,62.7002,65.4717
7680,91.1418,93.1175,60.5107,66.8645
7740,89.2301,90.7433,61.6442,64.5589
7800,92.1509,94.2679,61.791,65.6837
7860,90.1514,95.0965,63.117,64.9477
7920,89.8498,90.7821,63.2512,65.9249
7980,88.4593,86.4682,58.0518,64.1026
8040,88.2777,88.2432,58.2303,66.0657
8100,89.6341,88.0201,56.7673,63.4952
8160,87.9454,88.0035,55.756,62.8007
8220,89.8439,88.211,56.8221,65.1662
8280,88.6161,90.2714,56.1769,64.9833
8340,90.0606,85.2401,59.0304,62.3086
8400,88.4815,90.3152,57.5725,64.4583
8460,87.9199,86.2166,59.1551,63.4394
8520,89.8519,89.208,56.3233,63.7062
8580,88.1423,88.1004,57.9876,63.2887
8640,90.674,89.2095,57.0326,65.1208
8700,88.2384,89.3983,56.9948,64.34
8760,89.3631,88.2382,56.1672,63.6207
8820,89.3612,85.4917,56.895,65.6947
8880,89.9209,93.51,59.4803,62.2956
