Time,FC,PAS,PAM,PAD
-1,64,130,92,84
0,70.4,143,101.2,84
60,68.7765,145.011,103.479,84
120,70.7991,140.256,101.59,84
180,78.1171,142.522,112.398,84
240,76.2249,141.35,109.688,84
300,71.6736,142.541,101.078,84
360,69.7498,144.624,102.674,84
420,70.2785,142.8,102.208,84
480,69.5401,139.724,97.2244,85.0184
540,69.8539,140.11,103.772,85.2113
600,71.8142,141.226,103.246,82.674
660,68.8414,144.04,99.6084,83.0863
720,69.9413,145.036,98.6544,84.7202
780,68.5917,140.552,100.788,82.887
840,72.5159,139.581,100.39,82.8688
900,66.838,140.749,105.681,81.5812
960,68.7454,115.403,79.0213,67.5655
1020,64.9724,109.222,80.5394,68.4383
1080,65.4527,113.096,80.0431,65.2345
1140,65.6651,119.921,76.8539,68.5899
1200,64.3988,118.857,75.7476,84.8207
1260,60.2456,142.513,80.4615,84.5299
1320,64.2265,139.612,99.9141,82.6825
1380,64.7342,147.274,100.065,85.6389
1440,65.1565,146.049,99.3479,84.0727
1500,61.4704,138.078,104.68,84.3505
1560,63.1859,145.805,99.208,84.2375
1620,64.8509,146.977,99.1041,82.4022
1680,63.5483,146.564,99.36,82.2471
1740,57.8223,97.4145,72.9241,57.2714
1800,50.481,99.4197,49.7674,60.1361
1860,54.221,97.7251,46.4939,61.4009
1920,53.1735,94.453,49.8686,56.2806
1980,55.2916,92.6605,67.7586,57.6223
2040,57.4251,89.0435,66.0732,58.9502
2100,56.1291,93.5936,65.4422,60.97
2160,53.952,88.1654,68.38,59.2278
2220,57.2031,97.8599,69.1619,56.7396
2280,56.8398,90.2945,64.4512,59.697
2340,52.6591,64.3878,46.4666,42.546
2400,49.7824,69.1785,45.8721,44.1257
2460,50.9388,69.5384,48.7588,43.1649
2520,54.5211,74.5009,57.3723,45.1926
2580,54.1646,66.9219,52.8274,43.6209
2640,51.1288,70.2156,54.4844,44.6751
2700,52.2488,66.4444,56.5187,40.1238
2760,50.8611,66.7016,56.5519,42.5424
2820,50.691,65.9086,52.5873,38.7758
2880,51.6062,65.5066,53.6548,41.5524
2940,50.2546,67.8686,54.0869,39.8216
3000,51.2989,68.4007,53.7164,40.7397
3060,48.5935,71.0939,53.0938,41.8474
3120,49.299,67.2458,53.5141,39.8909
3180,63.8771,78.9127,68.9679,42.1566
3240,53.2246,65.83,55.9851,39.1222
3300,57.5539,63.9677,54.2384,45.3578
3360,59.106,63.2064,58.4321,39.9998
3420,61.9202,73.4858,53.334,46.9851
3480,58.1724,66.3386,58.0791,42.2636
3540,60.4421,69.8603,57.5315,43.095
3600,60.7183,68.0055,55.4754,46.0815
3660,58.9094,72.9933,53.1795,43.5504
3720,60.7943,67.1038,53.7854,42.0273
3780,60.1124,60.7039,57.3501,43.7471
3840,61.0195,65.6848,53.9174,40.869
3900,59.7554,60.2726,52.8835,43.7449
3960,60.1354,63.0184,57.6855,39.6263
4020,58.6602,66.6811,55.9121,42.8471
4080,58.7655,65.7592,55.369,42.7206
4140,56.9643,66.6447,53.669,41.4063
4200,57.5307,68.0107,59.2774,44.4463
4260,60.1399,69.2431,57.4749,38.9765
4320,58.0748,63.0342,58.3287,43.0747
4380,57.9268,64.0984,59.3846,42.0588
4440,58.9294,66.1577,53.6651,42.8212
4500,58.6839,67.4523,58.3122,44.2044
4560,58.8633,67.1659,53.6229,43.9646
4620,59.3633,64.483,55.224,43.4041
4680,57.7675,62.413,59.7098,42.8641
4740,60.5086,62.9384,55.4801,41.3281
4800,62.3399,64.4669,55.8442,44.2638
4860,73.5202,81.8587,68.5089,41.3549
4920,77.21,82.6484,66.99,41.284
4980,75.3551,81.1938,67.14,39.8871
5040,73.9106,78.4303,68.855,42.5817
5100,75.5327,85.1338,66.048,44.6335
5160,76.0907,81.6438,67.3014,41.8171
5220,83.2257,89.4286,73.3344,39.9044
5280,84.4016,86.1855,70.1316,44.5844
5340,83.1555,88.2193,70.8309,41.4403
5400,83.0429,87.1015,72.598,44.9856
5460,85.3591,90.5007,71.9814,41.9375
5520,85.089,87.2219,73.4494,43.2917
5580,85.3805,88.4031,71.7666,41.2037
5640,84.5936,84.349,72.8364,43.8844
5700,83.8899,89.9861,72.8842,44.8405
5760,79.2877,85.0683,71.2876,45.1514
5820,81.8811,86.137,73.4364,45.1291
5880,77.8261,92.5234,73.6187,42.7314
5940,78.9139,91.5867,70.6287,45.083
6000,76.7681,85.1178,70.4746,47.2471
6060,73.6891,95.5617,70.7308,40.5617
6120,73.349,83.9615,71.5829,48.1532
6180,74.9519,87.5088,70.8602,44.3589
6240,73.5022,85.7894,72.5652,47.9917
6300,75.2158,86.1217,71.3458,46.9343
6360,74.1117,87.6189,74.2573,43.0719
6420,77.0653,88.7149,69.6289,41.8472
6480,75.8274,84.4708,70.5811,44.369
6540,76.3283,89.8415,70.4923,43.2947
6600,76.501,88.7178,72.1055,42.7464
6660,74.5689,83.934,73.6216,43.4124
6720,76.8709,88.8176,71.5401,46.7136
6780,76.3053,87.3273,73.7902,44.5354
6840,73.2661,89.2112,75.5909,44.0143
6900,73.7056,88.2189,74.4747,43.7829
6960,76.6397,88.9464,69.9934,42.6305
7020,74.9818,88.2555,67.4619,44.5313
7080,77.2002,89.7947,72.5049,47.8347
7140,74.4369,86.4433,74.1474,44.0622
7200,73.7289,86.2234,68.5415,41.7782
7260,75.4916,88.577,71.2425,45.6553
7320,73.0922,83.7701,70.6323,44.3335
7380,73.6146,85.6728,70.5263,40.569
7440,75.3443,87.4874,70.3217,42.1665
7500,73.9242,89.5128,71.21,46.3061
7560,73.8762,85.7182,69.9296,42.777
7620,76.1453,86.2424,67.2645,43.7464
7680,77.9656,86.2955,71.3669,43.9586
7740,74.3593,85.0246,73.8749,43.0037
7800,76.5453,87.7789,71.8297,42.8229
7860,76.3584,87.4866,68.9097,42.7947
7920,75.7474,83.4344,70.9987,42.4698
7980,72.8483,92.1104,68.5273,46.0396
8040,76.4354,90.3091,74.4943,45.5134
8100,77.4042,82.4188,69.612,41.7186
8160,81.0573,87.7141,69.5188,44.871
8220,83.4841,84.8057,71.8109,44.4662
8280,84.0404,95.3122,70.6762,43.5646
8340,83.1706,91.912,71.3408,44.4848
8400,86.4927,86.1578,69.5912,44.4305
8460,86.258,82.9839,69.3242,44.151
8520,87.4413,84.2749,69.5846,43.9325
8580,84.1639,90.0961,68.7573,42.2591
8640,82.3565,87.1618,69.0257,43.6755
8700,85.7745,92.8462,72.148,43.444
8760,84.7888,85.4086,68.7063,43.7255
8820,85.6395,87.4936,67.3734,43.6101
8880,84.8591,91.6516,66.8578,43.2685
8940,86.0897,88.0707,70.0248,42.6953
9000,84.8774,88.7378,66.3094,45.688
9060,85.8107,90.406,68.8347,44.2598
9120,86.9365,86.8333,67.1883,45.0898
9180,85.6077,87.3339,65.0956,42.2549
9240,86.0795,87.9041,67.3908,41.6497
9300,86.3136,88.2716,66.8778,43.1747
9360,87.6545,92.0815,68.7831,42.0306
9420,83.9955,87.5044,67.5333,43.3986
9480,87.1821,88.5572,65.3517,42.1554
9540,84.6641,84.5944,66.7156,43.0519
9600,85.9921,83.5437,66.46,43.3187
9660,86.7533,88.4789,68.389,42.2543
9720,86.1844,84.7024,64.5868,44.587
9780,85.1305,90.6667,66.6789,40.5632
9840,86.2078,85.3815,67.1891,40.5899
9900,84.0347,86.9231,64.5664,42.0847
9960,86.7425,88.3519,66.8449,45.3301
10020,86.2488,90.1272,68.3478,43.3993
10080,85.8393,90.4441,66.6896,44.8291
10140,85.8638,88.5854,65.5771,42.4931
10200,85.1896,90.6588,67.488,45.0386
10260,86.2598,89.6297,68.3877,43.4582
10320,85.3963,85.022,67.2587,43.6931
10380,86.0886,90.085,66.4985,41.8829
10440,68.5927,66.702,50.3257,44.8061
10500,64.5368,64.7358,49.8979,45.272
10560,62.7848,66.123,50.9842,42.0959
10620,65.7785,70.6349,51.6305,43.0587
10680,63.2565,65.4386,48.997,44.189
10740,62.9089,63.162,47.8243,44.8549
10800,63.3879,66.5089,50.6526,45.1507
10860,65.346,66.1192,49.9705,43.8806
10920,57.576,58.7931,45.7211,44.0402
10980,63.455,107.964,73.5301,68.2634
11040,64.0098,104.392,74.4641,67.0974
11100,63.8266,103.676,73.6201,68.6418
11160,63.0891,105.412,75.2824,69.2477
11220,62.9655,107.001,72.0584,69.3881
11280,62.9318,107.845,74.8824,68.1576
11340,61.2024,105.753,72.3818,69.0054
11400,62.6986,103.242,73.3892,67.7596
11460,61.203,107.051,75.2354,66.6646
11520,61.3394,105.913,72.9744,66.6101
11580,63.3158,106.566,74.4642,68.0521
11640,61.6471,105.983,72.9693,69.5089
11700,62.2263,104.227,74.5665,66.6009
11760,61.7015,105.538,73.9708,67.5201
11820,61.2523,106.205,72.195,68.7388
11880,63.235,105.058,72.1679,69.3058
11940,61.7229,107.774,75.1828,67.7044
12000,62.6305,103.61,73.5269,67.5184
12060,63.6543,103.362,74.7829,66.7678
12120,63.176,103.006,75.4891,66.8851
12180,61.9604,106.444,72.6983,68.4024
12240,61.6499,106.678,75.1348,67.5181
12300,61.7985,111.72,77.9857,66.8862
