Time,FC,PAS,PAM,PAD
-1,76,114,87,73
0,83.6,125.4,95.7,73
60,81.6149,124.432,93.4152,73
120,82.0082,126.903,96.3975,73
180,92.3801,123.174,103.099,73
240,92.4902,126.388,103.436,73
300,82.5958,127.182,95.0656,73
360,85.0998,127.318,95.9577,73
420,84.8929,127.122,96.348,73
480,81.1431,123.909,95.047,71.2196
540,82.5421,124.571,98.8285,71.8618
600,85.5359,124.812,94.9201,74.3628
660,81.042,128.98,96.0487,73.6487
720,85.4061,126.903,98.2656,72.2091
780,81.2765,126.429,92.9446,74.905
840,83.745,121.01,93.3376,71.7337
900,79.3396,120.161,98.4981,75.1809
960,77.9012,103.42,76.4962,58.2619
1020,79.3899,98.6341,74.7178,57.6715
1080,79.1245,96.8404,73.2752,57.9967
1140,76.9465,98.674,79.7846,56.4778
1200,71.7656,105.883,95.8295,58.4187
1260,77.7498,99.7164,97.4674,55.3056
1320,77.9801,126.754,92.8134,72.365
1380,76.8148,121.409,93.1571,73.3149
1440,74.1567,120.35,95.1398,73.9125
1500,73.4388,125.772,93.3954,74.1492
1560,74.7305,123.615,92.0942,73.8646
1620,74.8509,128.549,97.1333,75.2005
1680,72.5697,121.975,98.3258,75.4663
1740,76.3489,122.951,97.5892,71.108
1800,73.4407,123.392,94.408,74.8384
1860,77.3158,128.334,101.073,70.7517
1920,77.0973,131.847,97.5157,72.7434
1980,68.1852,87.8431,62.057,49.527
2040,61.8118,86.5215,41.5817,49.1127
2100,62.3698,86.2019,44.6436,51.3241
2160,60.371,84.3179,39.6382,48.7125
2220,68.4294,87.8226,64.7998,50.7183
2280,64.0351,85.7161,58.2222,51.318
2340,65.9615,85.736,65.0581,51.2286
2400,66.2523,83.5466,57.671,52.3563
2460,65.9381,88.6316,60.6174,52.9146
2520,67.0398,84.0112,58.4269,51.8621
2580,68.6224,85.5899,58.5372,47.6317
2640,67.2683,79.885,59.1636,50.8494
2700,61.1195,55.1908,42.1429,36.0648
2760,64.1843,66.5629,51.0158,38.3806
2820,61.6446,67.1016,44.8529,38.376
2880,62.5004,65.351,49.0552,35.6224
2940,60.3724,68.0956,46.0393,38.4277
3000,58.3194,69.913,43.9754,37.9642
3060,59.63,63.8825,50.5553,34.8223
3120,61.4554,61.3615,42.8443,34.7328
3180,59.3834,61.7275,43.1302,33.2444
3240,60.0562,66.7058,50.4246,36.0552
3300,62.0253,63.6966,43.9893,37.5226
3360,62.9684,65.9893,50.1214,34.6163
3420,61.028,66.8316,46.132,37.7448
3480,59.4253,60.8632,49.2755,34.1017
3540,70.1136,71.9445,62.5274,34.1825
3600,59.3309,69.0157,50.6059,35.0382
3660,61.8568,72.2032,55.9913,32.7786
3720,61.7057,71.2531,53.799,35.2852
3780,66.7867,62.7057,47.5187,34.1466
3840,68.2386,69.2423,58.0609,37.1593
3900,67.8094,74.0337,51.2159,36.4855
3960,68.9889,71.879,53.8504,34.2304
4020,68.1958,73.0678,56.7174,37.0666
4080,71.4603,66.1907,49.1267,33.4839
4140,68.0586,64.2184,55.8417,34.3935
4200,67.0709,73.0666,54.9592,35.4773
4260,70.3264,72.877,50.7609,38.3666
4320,68.1072,69.3102,51.0519,37.9824
4380,67.1591,66.2932,49.2091,34.7022
4440,68.4198,70.576,50.4813,32.0787
4500,70.3118,71.3802,49.3335,34.1568
4560,68.7727,67.2418,49.393,34.7889
4620,68.0883,65.1668,53.1168,38.5282
4680,70.3256,73.0804,54.7016,38.1891
4740,66.8148,75.3602,55.9421,31.3151
4800,67.7812,69.5616,49.6339,36.617
4860,69.2919,69.7023,49.2588,36.121
4920,69.1268,70.9515,53.7978,32.2651
4980,68.0573,66.1824,50.7553,38.0926
5040,67.5072,70.0987,50.2944,35.0144
5100,67.793,67.481,53.4769,35.7837
5160,70.9447,69.7399,50.9098,32.1842
5220,70.8372,74.8155,47.0805,35.7505
5280,67.193,65.9782,52.3006,36.6939
5340,84.6195,83.5711,58.875,35.1388
5400,79.6904,75.8265,54.8849,35.7241
5460,85.1269,85.8198,55.4897,35.9498
5520,84.2422,81.8584,54.9574,37.5114
5580,83.0371,80.4005,56.5946,33.5442
5640,95.0755,89.3047,56.9037,37.3244
5700,91.9826,87.2227,56.5537,37.9333
5760,96.6474,83.2783,54.3109,37.8121
5820,90.9212,87.6631,53.1708,36.7207
5880,96.6956,94.4321,56.2438,37.011
5940,97.5091,91.9639,55.676,39.8534
6000,100.347,94.3091,55.73,38.0564
6060,100.08,89.7043,56.4455,41.1737
6120,101.115,94.1433,54.7115,37.1622
6180,99.3575,92.1382,52.4472,38.3623
6240,91.8757,91.9653,57.3133,39.0485
6300,94.4748,93.0815,55.4484,40.5538
6360,89.8226,94.1875,57.973,35.7169
6420,91.7268,93.3911,56.1646,38.1752
6480,89.7659,92.6931,55.3707,39.4323
6540,85.6808,92.6542,51.8057,38.2753
6600,90.1507,87.6273,56.0653,41.5759
6660,86.5322,95.5491,60.7714,37.7318
6720,89.1096,97.0099,54.9395,38.1997
6780,90.0126,85.1471,56.3883,34.9496
6840,88.103,97.4627,56.7489,39.5998
6900,88.9192,87.8814,53.8361,37.3195
6960,88.0839,83.1922,52.3869,39.8598
7020,89.1806,90.2063,58.4514,39.7294
7080,90.4135,92.8841,60.2046,35.9985
7140,88.4185,91.5895,59.8466,35.8096
7200,88.9879,84.8326,59.6354,38.5064
7260,85.5202,86.5647,56.1298,38.5712
7320,88.2431,85.2071,53.1524,37.94
7380,90.2016,91.938,56.1264,40.0545
7440,87.9501,98.7342,60.3495,39.0066
7500,88.1167,91.8206,59.0457,39.882
7560,90.0404,88.6236,53.8083,35.2785
7620,92.0964,93.9323,54.9052,37.7173
7680,89.0276,93.5586,54.5613,37.6946
7740,86.7072,94.8772,56.5947,40.5631
7800,89.7745,93.5924,56.1506,38.8596
7860,92.1026,88.1362,53.2766,38.1471
7920,88.2263,95.6798,55.3102,38.1748
7980,85.9328,88.0367,57.0406,37.7718
8040,87.9571,92.8483,57.7389,38.6619
8100,91.2282,88.4801,57.0295,43.5653
8160,85.9692,95.3174,56.4008,41.0679
8220,90.0859,87.2985,54.4022,41.8768
8280,88.9315,86.6398,58.3223,38.9177
8340,88.4497,99.0501,59.2114,39.2714
8400,91.6189,85.0848,52.4674,40.5247
8460,89.1079,97.7789,57.1811,38.3376
8520,88.2698,89.2516,57.9591,40.1768
8580,86.0625,97.2219,57.225,37.2587
8640,91.2964,97.2532,52.9276,39.882
8700,89.7334,91.9989,55.9814,40.3856
8760,89.1492,86.4223,55.122,38.8869
8820,87.3795,87.2843,56.6428,38.865
8880,89.1802,94.3233,52.8722,41.5194
8940,87.858,90.6274,56.0191,38.87
9000,92.7168,83.464,53.4924,40.3276
9060,96.7615,89.4235,56.8178,39.2065
9120,96.266,91.4345,54.365,41.2725
9180,97.1679,90.0097,56.1348,37.7653
9240,96.1719,88.1845,56.3392,41.4978
9300,101.43,86.6987,53.0313,39.3681
9360,97.1973,86.5914,57.6218,41.4339
9420,98.7553,91.6818,54.3836,40.4088
9480,101.541,92.5075,55.328,41.2043
9540,97.0819,91.7213,53.7816,38.2237
9600,100.19,89.6976,55.0664,38.4839
9660,98.946,87.9545,54.5674,38.6615
9720,101.599,84.0971,57.5883,42.0364
9780,101.715,88.574,53.4722,38.915
9840,102.36,86.9015,54.0101,39.5517
9900,104.822,85.1611,55.6685,40.1867
9960,100.84,87.0864,56.3423,39.7205
10020,104.116,86.1945,54.1035,39.0408
10080,100.299,87.0205,55.8226,38.6722
10140,100.981,90.7963,53.2633,37.7929
10200,102.073,83.4085,54.1948,40.276
10260,103.304,83.4771,56.723,42.2176
10320,104.882,87.9394,56.2641,41.5765
10380,101.956,85.4998,52.4668,41.681
10440,103.782,91.2485,55.4252,36.7494
10500,99.9185,90.0037,58.1575,41.1942
10560,103.367,88.9122,55.3864,40.7129
10620,101.847,93.9857,54.1367,39.9442
10680,102.088,85.7535,52.8222,39.2731
10740,101.079,90.636,55.54,39.0462
10800,101.802,89.1344,58.4684,39.053
10860,101.163,86.4219,57.8486,38.1558
10920,102.401,86.8565,53.9769,38.2242
10980,103.036,88.8528,58.895,41.3164
11040,100.403,90.3633,57.5149,37.7746
11100,100.844,91.5356,59.8461,37.6535
11160,102.427,89.8066,58.7909,37.9158
11220,103.072,91.3458,59.4358,41.2816
11280,101.37,90.8009,56.07,40.3837
11340,102.457,94.1216,56.5614,37.7138
11400,102.766,90.0565,55.6731,39.9924
11460,103.321,93.6055,55.952,40.8954
11520,103.782,94.9115,57.4743,40.9986
11580,100.489,88.5609,58.1031,39.4416
11640,103.268,93.3247,56.4252,38.202
11700,82.4066,70.6985,44.8925,41.32
11760,81.521,71.9259,47.3622,37.5396
11820,80.3472,76.3178,44.6274,40.6214
11880,77.6801,69.6908,44.5333,37.4112
11940,80.4219,72.3622,46.4076,40.7831
12000,78.9195,70.8131,45.8326,39.7275
12060,78.1636,70.8929,42.9261,37.8649
12120,77.1599,70.6804,43.916,40.5816
12180,76.749,103.14,70.6867,62.9349
12240,78.0895,103.256,71.5121,63.1103
12300,76.8929,100.424,70.6947,62.0488
12360,75.9608,101.47,70.3835,59.9619
12420,78.1009,103.788,67.3719,60.6331
12480,78.5437,105.055,71.3854,60.3035
12540,75.5269,100.111,68.9465,60.0634
12600,76.3498,104.548,67.2606,62.3921
12660,75.7464,105.088,70.4412,63.1679
12720,76.1244,104.443,71.4995,62.3062
12780,77.9146,104.8,69.36,63.2096
12840,78.7223,101.165,68.0433,62.3204
12900,77.9643,101.333,67.8008,61.9886
12960,78.7902,100.339,71.5061,59.6825
13020,75.3709,102.217,68.6733,60.9415
13080,75.2151,102.102,68.2236,60.1423
13140,75.4598,106.152,68.1976,60.7976
13200,77.4201,101.097,67.968,60.7537
13260,78.5073,104.17,68.9242,62.7482
13320,78.1839,103.635,70.1538,61.61
13380,77.9723,105.099,68.5184,62.2566
13440,78.243,101.582,71.1133,62.9343
