Time,FC,PAS,PAM,PAD
-1,60,134,97,87
0,66,147.4,106.7,87
60,66.3123,149.107,106.719,87
120,65.6726,149.53,108.584,87
180,70.983,148.183,120.166,87
240,66.6606,150.197,107.637,87
300,67.5023,146.954,107.974,87
360,65.2584,145.813,106.073,87
420,65.2296,144.75,108.221,87
480,64.9953,145.844,106.222,88.3684
540,66.4355,145.854,105.365,85.0233
600,69.0924,151.541,110.425,85.3661
660,65.846,149.257,106.696,85.7023
720,65.7352,152.733,109.532,87.5852
780,67.8228,148.327,107.767,88.0149
840,64.3394,148.254,105.13,85.9796
900,67.405,116.532,89.2713,73.5336
960,62.1233,119.713,85.4429,67.8815
1020,61.0943,114.242,86.7071,71.3419
1080,60.1929,116.304,87.6359,72.9916
1140,60.3509,154.907,107.747,85.3797
1200,60.7145,142.391,104.429,83.1571
1260,57.5675,149.386,107.015,84.1666
1320,60.7367,149.528,101.245,83.5964
1380,57.3766,145.429,101.745,84.9419
1440,57.2008,147.816,105.387,89.2951
1500,56.8901,146.45,104.435,81.824
1560,53.8731,103.548,75.5976,64.0151
1620,53.303,102.157,49.5418,58.0858
1680,49.9014,98.1068,50.5621,62.239
1740,52.1252,104.908,52.9543,62.0701
1800,55.1461,98.2272,73.6816,60.8018
1860,54.9198,101.961,70.5557,64.7112
1920,55.9025,103.116,71.8087,58.8086
1980,53.4861,98.2186,68.2938,61.7892
2040,55.6156,99.382,70.0558,65.2427
2100,54.8243,102.716,66.9106,61.4086
2160,56.5064,90.9475,72.2321,60.9685
2220,49.3325,76.8474,49.7793,42.8821
2280,49.2365,72.4854,49.1077,44.4258
2340,52.0759,68.8514,54.5165,44.1052
2400,53.4313,72.6869,53.8513,46.3618
2460,51.9194,79.2864,60.2219,46.2825
2520,61.6907,88.8153,70.1149,46.0551
2580,52.3983,77.8101,64.0016,46.7344
2640,53.4437,78.1044,64.0233,42.5551
2700,52.9069,80.8456,60.5983,42.1527
2760,51.7737,75.8976,60.9425,44.0522
2820,54.1992,78.5395,65.3765,46.8764
2880,52.5275,76.2706,58.5135,42.8968
2940,53.2351,82.334,59.472,42.1613
3000,51.4166,82.7296,64.7049,39.5398
3060,51.1267,82.4382,62.3374,43.9667
3120,51.0088,78.4634,62.895,44.8065
3180,53.8973,84.8482,55.8908,43.1853
3240,52.1056,81.9278,63.0057,44.6552
3300,52.3717,77.0174,68.2582,43.0933
3360,50.0861,85.8477,61.7873,41.5222
3420,58.0313,94.1553,68.4532,41.1644
3480,60.0235,96.4087,62.4255,46.1933
3540,56.5531,97.2059,68.4929,43.4595
3600,59.7482,92.5739,66.9902,40.7636
3660,59.1869,87.2989,68.9036,49.2462
3720,60.64,96.1067,66.124,48.5848
3780,68.4195,101.465,63.6626,48.4677
3840,67.9827,97.957,66.5304,43.4018
3900,69.3969,96.9181,68.514,45.2034
3960,70.5373,95.4486,64.7087,46.5693
4020,76.061,100.978,65.4871,45.4328
4080,73.536,99.4186,66.9432,42.8549
4140,73.1115,95.5801,69.9128,48.2349
4200,72.1824,98.0527,70.6089,44.944
4260,74.0219,93.6391,66.8324,45.8026
4320,73.3999,94.0244,71.0674,47.5889
4380,73.584,102.162,68.0017,48.2725
4440,71.0536,93.3687,69.4351,46.4897
4500,68.2925,105.374,72.0714,45.1612
4560,68.6484,90.7258,68.2344,45.5746
4620,68.1924,103.927,65.7702,45.1149
4680,67.0305,100.349,64.8967,49.4899
4740,67.2039,105.377,68.0233,44.8972
4800,65.9261,107.792,66.4657,47.3041
4860,66.931,99.8573,70.9106,45.9398
4920,68.0766,102.379,70.6863,45.2473
4980,67.9838,96.1616,65.3137,47.0192
5040,66.1231,96.7165,65.1943,51.4185
5100,67.1176,103.486,69.9688,42.5037
5160,67.1795,98.6967,65.2911,46.5123
5220,70.4798,100.372,69.2407,46.1706
5280,69.9063,100.085,71.7946,48.4251
5340,71.7959,104.904,71.518,46.1773
5400,72.211,99.2099,65.4633,45.3652
5460,72.9157,100.297,68.0229,45.6677
5520,72.5305,96.3463,71.5872,47.4797
5580,70.1914,101.268,68.1327,48.4038
5640,73.3699,100.313,64.0396,48.9581
5700,69.9472,93.122,70.5558,48.1615
5760,72.2226,97.4808,68.8149,52.7779
5820,69.603,98.8256,71.3392,52.7123
5880,71.0397,104.149,72.3469,50.6027
5940,71.1334,105.233,68.3258,46.188
6000,69.0205,99.3255,69.5556,44.66
6060,71.523,98.438,70.5863,46.318
6120,69.5938,105.967,68.8195,47.3913
6180,71.2971,102.742,71.1144,48.6482
6240,70.7944,102.116,69.5158,43.7253
6300,71.2565,106.493,72.644,45.0347
6360,72.2284,108.812,70.187,49.6125
6420,70.1366,107.237,68.7378,47.8981
6480,71.3028,101.067,70.0605,46.491
6540,72.4612,98.8788,68.9629,45.8184
6600,70.3459,106.653,72.7766,51.0463
6660,72.0869,109.046,67.8194,49.3939
6720,71.1421,102.359,70.6864,49.9698
6780,71.5389,105.277,66.2723,46.1328
6840,69.0041,101.261,68.938,48.6993
6900,71.1275,106.18,71.3657,46.4824
6960,72.2997,104.024,68.4645,47.1319
7020,69.7651,104.823,68.1588,44.8079
7080,71.5955,99.0008,65.5019,48.1284
7140,69.6958,100.479,73.3149,45.3141
7200,72.8653,99.0226,68.4159,48.6031
7260,75.5912,100.477,68.7056,49.1128
7320,76.9834,98.0429,69.1035,45.5849
7380,77.0536,96.6731,71.3088,47.8917
7440,75.9474,103.451,70.7304,46.997
7500,77.2026,99.9879,68.6228,50.7103
7560,78.6024,98.5915,70.4373,47.386
7620,78.6225,100.35,66.3532,45.8297
7680,78.298,103.05,67.9034,48.2645
7740,77.5228,94.8658,68.3254,48.8315
7800,77.6992,100.575,71.0936,48.0073
7860,63.0092,78.419,58.2974,47.7018
7920,61.3745,80.8021,56.3847,48.8578
7980,62.001,83.6351,53.3697,49.0112
8040,61.5291,77.5322,51.9561,49.3613
8100,61.6459,80.4816,52.3359,47.6213
8160,61.7488,77.391,54.007,48.0405
8220,62.4675,79.2721,54.9394,49.0415
8280,60.8768,76.3512,51.4945,46.7709
8340,54.2703,71.8586,46.7962,49.5443
8400,61.0822,113.585,77.9012,75.7176
8460,61.3834,111.522,78.445,73.8421
8520,60.5801,111.042,80.7864,71.8387
8580,59.8258,112.32,80.6969,75.3761
8640,58.8135,111.984,79.4756,73.191
8700,59.6664,108.524,81.0264,75.719
8760,60.9003,109.525,81.7456,73.5435
8820,58.5982,108.673,81.3439,75.9176
8880,59.2631,111.49,81.8788,73.038
8940,60.3108,108.908,78.3534,72.9995
9000,59.8695,110.543,79.6209,75.7067
9060,59.8584,112.275,81.624,74.2569
9120,60.5287,107.187,82.2305,72.1731
9180,59.4196,110.36,78.4334,72.3501
9240,61.4232,112.071,80.6763,71.9271
9300,58.8413,108.541,78.3859,73.4529
9360,58.4994,112.197,81.2736,74.4528
9420,59.0149,111.259,82.235,74.5579
9480,59.1631,111.79,83.8799,75.0159
