Time,FC,PAS,PAM,PAD
-1,69,97,75,65
0,75.9,106.7,82.5,65
60,75.529,104.584,83.5084,65
120,74.7594,105.124,82.4055,65
180,82.8933,106.041,91.6004,65
240,76.9183,106.329,88.7588,65
300,75.0204,108.627,81.8605,65
360,76.9533,104.419,83.7454,65
420,75.0175,109.142,80.5014,65
480,78.3793,105.64,82.2933,66.9179
540,73.7903,103.559,85.0456,66.0427
600,74.9096,103.276,80.6944,63.1162
660,76.5326,108.881,80.6101,66.4214
720,74.6598,106.298,86.0546,66.3968
780,74.131,109.265,81.1575,66.9313
840,73.7751,82.6063,68.0994,53.9158
900,72.2462,81.1024,63.0474,56.2095
960,70.5723,82.8519,67.9455,51.8279
1020,71.2168,83.6446,67.9715,51.4419
1080,68.3386,91.1766,65.5295,50.9892
1140,67.6819,108.066,65.1321,54.1195
1200,64.4459,69.0383,60.2797,47.052
1260,58.7281,80.0788,45.3933,47.5789
1320,58.0714,77.6247,48.2133,50.56
1380,58.5046,76.1535,45.8893,46.4536
1440,61.5567,72.2823,61.1979,50.0503
1500,62.9938,78.335,64.4975,51.2
1560,61.8199,79.8022,57.6131,50.3228
1620,61.9754,72.1308,60.876,48.1477
1680,63.9636,77.4003,59.5711,48.612
1740,63.3491,74.6212,63.0173,47.9454
1800,54.867,51.2608,44.3252,34.8542
1860,56.8984,53.1456,42.9691,29.8871
1920,56.3708,51.3941,45.6438,38.2792
1980,57.337,54.5871,44.5289,32.716
2040,55.7749,53.4702,48.1384,39.275
2100,53.3934,57.0107,43.6816,32.704
2160,59.368,61.2459,51.2364,32.3178
2220,71.7057,69.0161,61.8431,33.3499
2280,60.5079,57.5481,51.8633,35.3109
2340,60.5431,55.243,49.7353,34.8995
2400,59.1488,52.2704,54.1839,34.6317
2460,61.6013,62.1928,52.1342,30.4978
2520,59.5804,57.1084,54.8936,30.0585
2580,61.0103,52.6973,52.2233,35.8096
2640,58.294,48.9041,53.4374,34.1047
2700,58.4624,62.2762,50.5741,33.4668
2760,61.5389,53.9294,46.0886,39.8971
2820,59.8545,57.2731,52.0334,32.3868
2880,71.2635,64.4477,60.0562,32.1146
2940,67.9401,67.1694,55.8342,34.0893
3000,68.6743,60.8201,63.6614,35.2253
3060,69.5365,64.2278,58.952,31.093
3120,70.0769,65.639,54.493,32.8166
3180,70.0205,74.1171,56.3375,36.344
3240,75.3429,77.9631,61.4454,35.0025
3300,73.7066,69.6213,62.6017,33.2412
3360,72.6927,73.1547,55.6096,29.6348
3420,73.1563,76.4447,52.8113,30.4311
3480,73.446,82.1974,58.998,34.0351
3540,73.821,72.3336,51.7262,31.1284
3600,72.8873,73.8245,52.5242,36.3947
3660,75.1781,83.1808,55.2893,34.5464
3720,75.7919,70.3412,60.4929,30.7909
3780,79.3758,73.3301,57.382,34.297
3840,74.9289,72.925,63.7893,37.3957
3900,80.3199,75.6861,54.5765,35.5427
3960,77.5215,79.9091,58.0428,29.4822
4020,76.9049,73.1981,63.9862,29.1863
4080,74.3359,78.8389,52.2171,34.4411
4140,74.7432,75.8276,58.9467,31.3986
4200,74.9248,74.9906,57.9209,35.9494
4260,74.0266,76.807,57.0969,28.7142
4320,74.2231,72.6642,61.3863,27.8036
4380,73.9984,80.3058,56.9844,32.8702
4440,74.2489,71.1687,60.4735,30.0167
4500,74.2505,76.8661,60.1486,29.6033
4560,74.3696,74.3961,56.9272,34.9666
4620,74.0707,78.4599,55.1669,37.7512
4680,74.8629,76.1824,57.0141,32.5691
4740,75.2749,73.98,60.0713,28.2787
4800,75.8861,75.1009,59.7794,35.3422
4860,73.3976,72.0845,58.5149,31.4078
4920,75.1494,74.8005,57.8773,29.8264
4980,74.7636,72.9624,56.2073,36.107
5040,75.7025,76.7241,61.8706,31.5605
5100,78.2289,80.8948,57.2304,31.0975
5160,78.3804,80.029,63.2789,37.5543
5220,79.5659,75.3771,60.0256,35.5108
5280,80.7927,78.279,59.8179,31.8769
5340,82.32,77.0102,64.4875,33.1638
5400,80.8781,79.3392,64.0479,29.946
5460,80.9848,71.3698,60.0103,31.1842
5520,82.1957,82.7871,65.1928,29.2805
5580,80.8044,79.0335,63.3555,30.6428
5640,79.8216,75.1803,60.9009,30.9323
5700,79.4063,76.9343,65.4019,28.9944
5760,81.5083,73.8838,62.777,32.6923
5820,78.4058,78.1414,63.5394,32.966
5880,78.9907,73.4814,65.594,29.9057
5940,78.7057,79.0724,64.6921,27.5164
6000,80.8561,71.8443,64.9859,30.7018
6060,82.1893,80.1202,65.5604,33.7488
6120,80.7608,78.0875,63.2967,34.8559
6180,81.3085,81.8578,61.1386,31.7797
6240,81.4989,78.6246,62.2448,31.7292
6300,81.1627,76.7227,61.822,32.3001
6360,80.7799,73.3159,63.0188,32.4576
6420,80.9127,76.627,61.843,29.3347
6480,79.1767,79.7392,62.9477,32.2986
6540,81.5497,77.8247,62.8034,30.8145
6600,79.203,76.6416,64.5711,30.809
6660,82.1667,76.8387,60.1127,30.2763
6720,83.731,77.7915,65.7514,31.3855
6780,68.9205,63.0026,50.6959,35.1804
6840,67.8539,61.4228,49.1628,31.6191
6900,70.9642,64.8714,51.1294,33.4623
6960,72.9918,62.3818,49.1479,32.2503
7020,72.591,64.6484,46.0299,32.3168
7080,72.8096,63.694,51.0933,34.3799
7140,71.7526,63.1626,51.0422,32.5957
7200,71.6647,65.7939,52.4227,33.054
7260,72.7291,61.363,51.3008,33.1932
7320,64.9177,59.0769,43.9271,31.1772
7380,72.2352,88.9294,67.1464,50.591
7440,70.9951,91.0985,63.439,49.4689
7500,71.2445,89.3156,63.8599,46.7566
7560,71.9594,87.091,66.1311,48.4705
7620,71.5456,86.6955,66.034,47.7358
7680,72.7761,87.7468,68.2784,47.1635
7740,71.6589,88.5973,67.7812,48.7037
7800,71.5032,91.1537,67.2352,50.7033
7860,71.4972,89.0022,68.1376,48.9346
7920,71.5068,91.5248,64.8199,49.3023
7980,71.9091,88.255,67.1687,46.4967
8040,72.0147,87.7811,65.9158,50.4506
8100,71.5419,86.2573,64.5706,47.1348
8160,71.285,87.2722,65.1479,49.5756
8220,72.2995,87.3627,64.6772,46.4034
8280,70.6452,86.2151,68.3713,48.438
8340,71.9447,91.4033,63.6367,50.2962
8400,73.0446,88.0031,66.1914,48.0371
8460,72.5108,87.8492,65.4183,47.4294
8520,72.1693,91.2511,64.2189,50.6648
8580,73.1908,88.3789,64.1266,47.3587
8640,72.1807,88.9264,68.1734,47.365
8700,72.5277,87.2741,64.5398,49.9006
8760,70.9847,89.9335,66.0693,49.5838
