Time,FC,PAS,PAM,PAD
-1,75,131,72,75
0,82.5,144.1,79.2,75
60,82.8094,145.948,77.3327,75
120,84.0152,142.689,78.3559,75
180,90.7491,144.7,85.3015,75
240,81.633,146.729,86.1719,75
300,80.8144,142.991,80.8878,75
360,82.2286,142.168,80.8061,75
420,83.2328,145.755,77.8877,75
480,83.3503,144.52,79.0084,76.4297
540,79.2063,141.709,80.4793,74.888
600,80.4199,143.296,78.1824,76.4176
660,80.2979,143.128,75.8504,73.9228
720,83.043,143.554,78.5716,76.0089
780,81.4897,144.126,82.5853,75.0219
840,81.1877,149.662,75.7516,74.5006
900,82.3679,116.699,65.9622,63.0908
960,78.2636,115.335,62.2701,59.5805
1020,76.9797,108.347,68.7625,60.7312
1080,74.2229,111.716,67.0401,60.158
1140,75.8508,114.855,63.5991,56.9177
1200,72.4593,116.702,69.7283,59.455
1260,75.1267,143.16,78.7594,72.6802
1320,73.4504,148.263,81.9204,74.1048
1380,74.4302,142.99,75.7369,73.1586
1440,68.6077,105.552,57.8074,52.2522
1500,63.5218,95.4596,42.6753,50.7266
1560,61.4939,99.7741,40.3222,53.1491
1620,60.6584,102.355,39.9053,54.8287
1680,64.3358,101.529,52.9432,50.8774
1740,66.1095,96.1565,54.7886,53.3461
1800,67.6307,97.522,53.6834,52.6544
1860,66.4774,98.1916,53.4856,52.6851
1920,66.7787,94.6925,51.0838,54.1579
1980,67.88,96.9006,52.8699,53.9738
2040,65.4061,97.3604,54.559,54.4623
2100,65.5509,95.4544,51.9025,53.2633
2160,61.2025,69.011,43.049,38.409
2220,64.9,71.4109,43.1347,38.0528
2280,61.3685,72.8153,44.3924,39.4615
2340,64.8995,72.1,42.5224,34.4193
2400,60.4328,73.9756,37.6482,34.8997
2460,60.5903,74.6596,44.4021,38.5374
2520,70.7035,85.7927,51.3395,37.48
2580,60.8449,78.3291,48.3951,38.1916
2640,61.465,77.9154,48.7638,37.3498
2700,62.4678,83.4689,51.9161,39.0539
2760,63.884,83.8538,46.8484,35.7357
2820,59.7873,79.9551,41.8689,38.7378
2880,65.0611,80.8343,49.6145,33.5436
2940,63.0896,85.7428,46.4561,37.9037
3000,59.5499,75.507,49.1222,36.0171
3060,61.8135,76.3712,47.7554,39.3633
3120,59.1619,79.2713,44.5381,36.5611
3180,61.3832,85.4298,44.8625,37.651
3240,60.3257,81.106,45.1887,35.8529
3300,61.2808,83.9276,46.3482,35.9045
3360,59.5229,86.4381,44.6568,32.8255
3420,61.7597,84.372,49.806,35.624
3480,61.7612,83.9236,48.3945,36.5245
3540,60.5482,81.8139,46.5568,35.5648
3600,70.4997,89.8823,57.7938,38.8589
3660,74.855,93.3991,54.3042,39.6279
3720,75.8938,97.951,57.2039,37.1855
3780,73.7471,95.2165,55.5268,36.9919
3840,78.6298,93.1099,51.0435,33.0287
3900,86.5807,104.54,55.8836,34.5011
3960,87.3059,96.1286,59.1067,32.0876
4020,87.4684,96.8256,60.7284,36.3165
4080,87.6888,98.7694,53.8227,38.2446
4140,91.7409,104.331,61.7203,36.1775
4200,93.1015,99.8624,58.4552,37.4406
4260,90.4047,102.279,59.1564,36.5278
4320,91.4681,103.425,58.849,35.1202
4380,90.006,101.295,57.6847,37.3641
4440,91.6352,100.205,57.1412,37.8847
4500,88.3795,100.769,60.5089,35.2988
4560,88.3058,99.3648,61.5704,36.4584
4620,85.8032,98.8625,57.8408,38.2896
4680,84.6477,98.2671,60.202,37.1367
4740,83.3755,100.255,56.3361,36.6285
4800,81.7569,101.041,56.601,36.4117
4860,82.0987,99.1545,58.8791,38.743
4920,82.1609,103.51,59.8139,38.4058
4980,81.8227,100.697,60.2781,38.9531
5040,84.9042,99.1399,56.9556,36.1559
5100,83.872,96.2382,57.8545,37.3625
5160,85.9293,102.564,58.9319,35.7521
5220,88.6892,99.7242,59.5455,37.2878
5280,88.3595,101.826,61.0049,35.9217
5340,89.7636,99.6096,54.0333,34.9221
5400,89.6911,97.4718,60.5686,37.7224
5460,88.0487,100.954,60.6957,38.5508
5520,92.0259,94.9613,53.9437,34.144
5580,91.5682,98.0993,57.4345,37.4827
5640,90.1143,99.5698,56.9671,36.267
5700,88.7399,95.2476,53.278,33.1139
5760,89.0519,96.3747,57.8522,34.7231
5820,89.8923,101.174,57.8703,38.1726
5880,87.6244,96.8762,56.5602,34.7612
5940,90.8102,100.583,54.2688,36.6041
6000,87.0709,98.15,58.7894,33.3174
6060,88.7345,99.3459,55.2735,38.8082
6120,91.0644,97.1803,57.9993,35.2576
6180,90.7656,97.9618,58.4095,37.2081
6240,87.3735,99.1442,57.9325,35.2054
6300,89.1417,95.0938,58.11,36.777
6360,91.1864,98.4456,60.8153,32.7701
6420,90.8103,96.8368,59.7803,33.203
6480,86.9006,102.378,60.5509,35.0643
6540,89.3741,99.5328,62.1473,36.9172
6600,86.7211,97.1208,55.4923,36.6275
6660,89.602,100.978,59.7378,35.5001
6720,88.1952,99.2287,60.8724,35.9147
6780,88.3679,97.801,61.2048,35.6155
6840,88.945,100.075,61.324,35.3906
6900,87.8639,97.975,60.9787,35.309
6960,87.2654,94.6565,60.4825,37.9577
7020,88.0456,97.596,61.5352,34.5421
7080,90.1863,99.0629,57.8929,35.167
7140,87.5939,100.46,58.4128,36.4659
7200,86.9496,97.8018,58.9053,36.9772
7260,88.2602,101.648,57.6765,36.4032
7320,91.4915,98.4426,62.0594,34.1063
7380,94.4251,94.7439,57.4677,36.0629
7440,95.2113,100.049,56.1336,38.3267
7500,96.8363,100.312,58.0837,33.236
7560,98.3576,101.047,56.9926,33.5732
7620,97.623,99.1284,59.1943,33.4935
7680,97.1923,96.1739,63.3713,32.8878
7740,78.6673,81.1349,47.6486,36.7873
7800,78.6193,83.5922,44.2817,35.4427
7860,77.1388,80.5965,48.5608,34.793
7920,77.3674,75.5058,47.8517,36.1666
7980,77.3648,78.6041,48.8493,35.1858
8040,77.3143,75.1105,47.4001,36.1807
8100,78.9968,72.3924,48.3799,36.0003
8160,78.3284,72.5936,48.1696,34.309
8220,75.1379,73.3127,46.885,33.2837
8280,76.2212,74.6899,45.611,33.8255
8340,75.7263,106.47,64.9597,58.2655
8400,74.4774,109.261,65.2583,58.2273
8460,76.679,109.92,65.6234,57.9226
8520,75.0712,110.909,63.5085,56.8283
8580,75.0951,108.235,62.5114,55.1936
8640,77.0034,106.69,61.5389,55.2076
8700,76.0797,106.586,61.5497,58.2567
8760,78.538,108.217,62.0779,57.1483
8820,76.1974,107.048,63.5473,57.14
8880,78.234,108.555,63.465,56.155
8940,77.8382,108.595,64.9367,56.1241
9000,77.622,107.837,64.4575,58.33
9060,76.3691,107.366,64.945,56.3661
9120,76.1397,110.225,64.09,55.3089
9180,78.121,109.515,61.3923,57.9413
9240,75.5424,107.345,63.5024,56.2656
9300,76.3747,110.925,65.6618,55.891
9360,76.8047,108.511,63.7792,55.9252
9420,78.3336,108.1,63.7838,57.2379
9480,77.4894,107.625,64.1646,55.1409
9540,76.8064,108.494,63.0329,57.4719
9600,76.2551,106.507,64.7967,55.6584
9660,77.551,110.064,61.4395,57.6192
9720,75.3096,108.817,61.8343,56.2101
