Time,FC,PAS,PAM,PAD
-1,69,114,81,64
0,75.9,125.4,89.1,64
60,76.1053,127.085,87.9604,64
120,77.609,126.307,88.5073,64
180,84.4117,127.549,96.6632,64
240,74.9928,122.369,88.7801,64
300,74.737,124.794,90.8806,64
360,77.6259,126.204,87.7883,64
420,76.796,122.665,86.879,64
480,76.0816,125.479,89.3036,62.4889
540,74.877,127.711,87.7362,62.677
600,76.4317,125.754,89.0781,63.4378
660,75.9886,122.39,91.5076,65.4558
720,78.4615,124.189,86.4145,64.7698
780,73.789,127.478,89.1804,63.9351
840,78.3762,126.512,89.4103,63.9065
900,74.9969,128.188,87.5564,61.2691
960,75.3223,98.7786,70.1155,52.079
1020,70.4119,95.4312,69.6274,50.9412
1080,71.5383,102.142,68.7716,49.3074
1140,68.77,100.555,67.5351,49.4524
1200,66.214,124.226,71.6287,55.5612
1260,65.8322,124.714,89.3732,55.4843
1320,71.5033,125.786,85.1675,66.0809
1380,64.8328,123.525,89.9585,68.3378
1440,69.2036,123.225,90.3649,64.6164
1500,67.9209,123.163,90.8354,66.9084
1560,69.0025,126.529,87.009,67.7008
1620,70.1226,132.545,87.5566,64.3456
1680,69.1488,127.813,89.8764,67.1489
1740,68.6503,125.478,88.1929,60.4192
1800,70.8062,121.017,85.7954,65.1209
1860,70.0906,127.277,85.8603,59.922
1920,66.7401,125.531,89.9129,64.2739
1980,61.7634,86.499,60.3591,42.5759
2040,57.7037,87.7406,40.0485,44.2747
2100,58.3623,86.4234,43.2362,44.8559
2160,60.9687,88.8104,40.5388,44.5459
2220,62.8273,88.8693,57.554,44.0872
2280,61.284,85.1917,56.7452,40.6758
2340,63.246,88.2694,57.9034,48.224
2400,62.9891,80.9507,58.5817,44.4194
2460,59.7986,83.9465,58.0273,43.5675
2520,62.3498,84.837,58.0811,41.4851
2580,61.6,83.8554,55.3349,43.2987
2640,56.2575,62.7529,42.1683,31.7859
2700,55.9908,61.972,39.9431,37.4548
2760,59.9169,58.459,49.2469,30.8063
2820,58.0084,60.2794,47.9464,29.5104
2880,56.9979,64.6135,42.4992,31.0253
2940,58.002,60.9731,42.7514,35.4271
3000,53.9386,63.8548,42.2939,29.7418
3060,57.2721,62.6496,44.4598,30.0441
3120,53.3187,62.0907,44.0729,33.5135
3180,55.9749,59.4404,45.0549,33.3445
3240,57.711,60.2618,48.6051,35.2158
3300,55.235,65.4674,44.8734,26.3074
3360,55.0678,55.9107,47.3306,37.2501
3420,55.5117,61.9232,41.2765,30.5766
3480,68.6158,73.1214,55.9132,34.9012
3540,58.2094,78.4664,46.6958,33.2447
3600,58.0808,70.1066,44.8246,31.219
3660,59.0022,77.523,46.1846,33.0387
3720,57.0798,73.8234,45.4265,28.3413
3780,59.6644,76.5727,43.1998,33.1521
3840,59.3634,73.7733,46.3432,31.132
3900,59.5755,77.7744,47.221,29.2918
3960,61.1253,74.2863,47.4075,31.6074
4020,63.2802,71.9734,48.2882,31.7812
4080,65.9462,71.4163,48.2775,30.468
4140,66.2289,72.3973,47.012,33.7848
4200,65.0554,73.1914,48.4671,29.5001
4260,63.8065,72.9218,47.4943,32.0064
4320,61.6763,75.1261,43.8545,35.9565
4380,63.523,68.1659,44.7589,32.4609
4440,66.1682,72.4743,44.6257,31.9828
4500,63.9028,76.5731,46.4362,31.0321
4560,66.2276,69.111,46.5483,32.854
4620,63.45,72.1879,45.9772,31.1116
4680,63.1491,77.2492,44.4626,32.3129
4740,63.4681,71.6757,42.9889,34.4329
4800,64.7097,71.8843,44.4914,32.301
4860,63.7532,79.1399,44.5637,34.2789
4920,67.608,77.2783,47.6626,33.3191
4980,66.3557,75.2881,44.4068,31.0814
5040,66.5782,73.2886,48.7918,32.9206
5100,65.1562,78.3176,44.32,30.2552
5160,65.0333,75.6166,50.0125,32.6297
5220,63.4887,74.2255,41.2776,34.461
5280,64.833,76.7219,45.8446,32.6693
5340,77.3909,81.7641,54.0389,31.6302
5400,76.53,81.0979,55.8796,31.0452
5460,76.7605,84.1959,54.4185,31.0772
5520,78.2944,85.7419,55.462,28.8412
5580,77.3267,86.5492,57.2457,30.7603
5640,77.7957,84.8764,56.3702,31.82
5700,84.3606,87.5717,57.4249,27.8747
5760,86.4162,94.0993,58.2899,29.2628
5820,87.2826,90.0722,60.6665,28.3009
5880,87.12,84.1614,59.0045,29.8412
5940,94.439,89.672,57.8487,31.4685
6000,89.481,85.536,62.3458,32.161
6060,91.173,84.6331,61.3235,31.572
6120,91.2007,85.5594,63.8157,31.1655
6180,90.246,87.2235,61.72,30.956
6240,93.0342,87.4304,59.0234,27.7815
6300,88.2565,87.4986,59.1904,27.0356
6360,89.3987,83.855,64.698,31.5471
6420,86.0793,84.6071,60.1511,31.9226
6480,84.5171,88.9109,58.8791,30.5106
6540,84.763,83.7135,59.0932,34.8296
6600,82.9582,86.7752,59.1592,30.7871
6660,82.4065,87.1633,60.7477,29.4177
6720,81.4648,88.263,62.858,30.4052
6780,83.4158,83.0473,59.8745,33.5653
6840,82.6986,85.9544,60.4097,28.1922
6900,85.5225,87.5696,59.0081,29.2404
6960,85.8972,85.5055,61.244,33.1494
7020,83.2051,91.151,60.7402,29.5165
7080,83.8291,90.6656,59.7687,27.1101
7140,85.7914,86.1132,60.7841,34.7882
7200,83.9208,88.211,61.4481,27.1479
7260,83.8904,87.5825,61.6266,30.1258
7320,85.1169,83.7934,62.3694,27.781
7380,82.5656,90.6751,61.9638,28.5781
7440,79.7954,83.7706,61.7158,29.2042
7500,82.1935,86.9273,62.112,30.6541
7560,82.6418,82.6601,63.4426,31.1408
7620,83.5635,85.9781,60.3014,28.7087
7680,81.3845,84.813,61.3879,31.3337
7740,86.7632,88.1411,57.9614,33.3378
7800,84.0134,85.814,61.5732,29.7996
7860,81.3285,86.0346,60.4121,26.6494
7920,83.2777,88.0362,60.6697,29.7455
7980,84.3478,91.5063,58.8183,28.8943
8040,80.4915,82.0059,62.4067,29.8534
8100,83.6024,91.1421,59.9647,27.5425
8160,82.6515,81.3786,59.2847,24.3439
8220,82.3711,87.6372,61.6705,32.3563
8280,79.9758,89.9202,59.9981,31.5911
8340,83.5019,86.374,60.5929,29.4912
8400,81.7965,84.9149,61.3532,26.6408
8460,83.5657,89.7284,61.634,31.3396
8520,87.2031,88.7574,61.1145,28.6246
8580,85.8387,90.0684,58.7231,29.9605
8640,85.065,87.8596,61.8439,31.2612
8700,84.9728,88.7874,58.8663,26.1845
8760,82.7338,85.5635,57.614,28.2844
8820,85.9197,89.8003,60.1479,29.1216
8880,84.2246,85.6849,61.9707,32.2939
8940,85.1613,87.6694,60.967,32.7043
9000,83.4571,89.2273,61.9208,26.5141
9060,86.1957,83.0781,57.7548,33.9265
9120,86.5806,87.5238,58.2942,31.0432
9180,86.0186,83.9522,61.8378,30.4823
9240,89.3382,88.6043,62.7661,28.0953
9300,88.4447,84.4556,62.6556,30.9061
9360,94.9876,89.3875,62.3974,32.8976
9420,93.9636,89.3371,64.3682,29.7532
9480,94.0279,89.2342,63.424,28.1261
9540,92.8576,85.1597,61.6102,29.0866
9600,92.5125,89.1805,65.8636,29.7896
9660,93.9551,89.4673,66.2909,30.6887
9720,98.1899,84.3106,64.829,30.522
9780,99.3866,89.0011,64.727,28.9773
9840,97.2023,92.5295,63.8248,29.4281
9900,97.397,87.255,62.5346,32.7233
9960,98.6825,90.1449,63.6049,29.5232
10020,97.4424,87.3027,64.9802,27.5826
10080,95.5023,89.299,65.5056,30.9528
10140,96.5551,87.3903,65.0454,29.5771
10200,97.1179,92.9724,67.9941,29.7657
10260,99.2516,88.7472,66.2098,28.6969
10320,98.9459,85.0922,64.9976,29.7719
10380,94.3406,89.303,65.9978,31.0621
10440,97.6013,87.2528,65.3478,30.174
10500,95.9869,86.8289,65.1528,30.8385
10560,94.7075,89.0121,65.8692,30.4286
10620,94.8265,88.247,62.2543,30.9843
10680,98.0388,87.8865,66.5549,33.2818
10740,96.3553,90.5961,63.8261,30.7366
10800,95.5979,91.944,64.4718,30.2654
10860,97.4236,90.1169,64.0041,30.2646
10920,98.7182,91.3809,63.0904,31.801
10980,98.1923,89.2366,64.4996,30.3717
11040,95.8498,88.3712,63.2841,31.7948
11100,95.1374,88.893,63.3411,30.8341
11160,98.0832,89.2889,65.4327,30.0064
11220,96.835,90.2061,62.3426,29.7785
11280,97.2374,88.9577,65.0214,30.3227
11340,97.7576,88.9117,63.9471,32.3445
11400,79.163,73.3508,50.6445,32.8092
11460,75.3813,74.5536,49.7961,30.3495
11520,73.2692,68.8038,48.9303,29.8673
11580,75.3446,67.6564,47.6613,31.1381
11640,74.7541,68.7608,48.051,33.2978
11700,76.3424,70.0258,46.1073,31.302
11760,76.3555,71.0125,48.4733,31.8767
11820,73.2524,67.8566,47.1143,29.5634
11880,76.3604,70.2332,49.131,32.9788
11940,75.3305,71.8018,46.3289,32.1546
12000,66.8428,63.9758,43.4963,33.3736
12060,71.5392,98.3891,69.0173,50.9666
12120,73.6986,96.9618,69.4311,50.8647
12180,73.5712,99.7982,67.5862,50.7414
12240,72.7328,100.498,67.9832,50.6345
12300,74.6451,99.2063,69.4973,51.9043
12360,71.6554,99.0561,69.9753,51.7132
12420,72.7698,100.826,69.0823,51.8964
12480,74.0857,98.085,70.3156,52.2621
12540,73.2236,97.7902,69.1516,49.5189
12600,71.8705,101.673,70.292,52.0647
12660,73.308,100.728,68.7799,52.7105
12720,73.1145,99.2306,69.2538,50.4215
12780,74.7659,97.0092,68.3574,48.9789
12840,72.9024,101.338,70.5633,52.3132
12900,73.852,98.21,70.0143,50.6135
12960,73.0829,99.1287,68.8411,48.8552
13020,73.5731,100.881,68.5245,52.0668
13080,74.1589,97.097,69.9456,50.1059
13140,74.2847,96.9749,68.789,50.033
13200,73.0126,100.949,70.3543,50.4418
13260,74.3893,96.9563,69.4451,49.9171
13320,74.6536,98.6971,68.2735,51.2257
13380,73.4961,103.967,70.124,49.222
