Time,FC,PAS,PAM,PAD
-1,66,137,75,86
0,72.6,150.7,82.5,86
60,71.0959,152.569,82.3221,86
120,72.9328,152.338,84.2865,86
180,79.2926,153.973,91.4791,86
240,73.7593,147.379,83.7957,86
300,73.7566,148.501,81.7762,86
360,73.5895,149.831,82.3324,86
420,70.895,148.169,81.1944,86
480,70.2382,152.147,84.0323,85.8759
540,71.2406,146.636,81.5221,86.5247
600,70.8621,150.405,84.2298,85.7857
660,73.6809,149.332,82.5982,86.5481
720,74.075,148.905,86.6501,87.8684
780,73.7709,150.887,83.9339,86.3175
840,71.5181,146.396,83.3673,83.8173
900,68.006,127.483,66.2231,69.2026
960,68.3658,124.058,68.3587,67.0017
1020,68.6314,124.595,64.0067,67.4734
1080,65.4627,124.927,63.704,69.8468
1140,67.3672,116.921,61.9767,70.6908
1200,69.562,121.543,71.3591,66.1992
1260,66.9381,152.012,87.3375,87.0747
1320,63.6422,151.359,79.3281,88.3353
1380,57.1397,100.96,59.2847,61.6957
1440,54.0124,103.612,40.6008,56.4095
1500,54.8561,103.096,39.2128,60.2832
1560,54.962,108.423,41.8394,62.3861
1620,60.2329,102.028,51.1428,56.0741
1680,55.9373,101.21,54.1021,60.848
1740,59.1607,99.0319,55.0826,60.9461
1800,60.6158,103.28,58.6728,58.4131
1860,57.6513,101.812,57.9671,61.7935
1920,54.5813,101.018,56.1285,62.3349
1980,54.7163,69.2406,42.0335,40.6278
2040,51.4642,69.4348,38.7537,44.4578
2100,51.899,73.6936,38.7997,44.3853
2160,56.1457,72.6845,45.6534,40.3151
2220,67.6267,93.8261,52.99,42.2057
2280,59.6103,78.2408,48.8354,42.3823
2340,59.9183,82.5287,43.5538,42.8661
2400,57.5809,82.3671,43.9085,39.4808
2460,55.7921,83.3804,49.557,40.9154
2520,52.4464,84.1645,46.6201,39.8546
2580,56.8041,84.2163,44.2006,39.1205
2640,56.5556,82.0873,49.473,43.5438
2700,58.7899,80.2016,46.2871,43.6245
2760,65.4047,98.4027,56.8212,37.2848
2820,61.7354,94.2325,51.9529,45.408
2880,65.8248,87.3129,55.7555,37.9667
2940,67.933,93.4281,56.1485,43.6395
3000,65.07,91.5942,52.7172,44.6875
3060,61.876,96.6053,56.6515,43.2805
3120,66.4529,101.166,60.3851,40.368
3180,68.9814,106.855,58.954,35.7678
3240,66.0765,94.6105,55.5427,40.8067
3300,69.2839,100.2,62.6259,41.9449
3360,67.757,103.475,59.6661,41.115
3420,69.3044,99.7052,63.4289,38.9696
3480,71.4202,104.932,65.5636,40.8714
3540,68.395,100.124,60.9298,42.6321
3600,70.4162,99.9817,63.5294,41.0828
3660,69.9753,98.0375,61.3489,44.8434
3720,68.9487,107.87,65.6688,43.7703
3780,71.6979,111.812,65.4629,42.036
3840,71.2322,114.393,68.4861,39.0359
3900,68.5096,107.083,60.6302,39.0824
3960,68.4611,109.451,61.1244,45.4207
4020,71.0599,106.003,62.74,40.4035
4080,70.6972,107.25,58.442,38.7728
4140,69.0798,106.574,62.9207,46.7772
4200,66.4075,108.227,65.2578,46.3741
4260,67.5981,115.128,62.8812,43.8256
4320,68.2165,105.676,65.5273,41.4925
4380,65.578,107.284,64.0694,41.9228
4440,71.5752,107.728,63.5761,42.5387
4500,66.9213,102.842,65.644,37.2213
4560,65.6675,105.081,66.2538,41.598
4620,65.7831,110.782,61.7176,42.5337
4680,70.8524,108.025,64.1026,43.0274
4740,66.4696,111.816,64.5772,42.045
4800,67.7448,111.732,64.0771,45.5607
4860,66.8446,105.924,63.8164,41.8918
4920,67.5028,110.667,61.9713,41.1833
4980,70.2757,98.2481,62.4881,44.0732
5040,70.0672,110.53,63.2926,44.7798
5100,72.69,109.615,66.0021,42.1367
5160,75.6932,113.015,63.8932,42.5646
5220,74.1482,109.992,60.3286,43.341
5280,75.9454,107.655,63.8225,40.5534
5340,69.8788,106.666,63.9808,40.1094
5400,72.7982,109.729,63.4189,44.7353
5460,71.5867,108.94,65.3856,42.1643
5520,72.2153,106.141,65.972,46.9927
5580,73.0306,104.122,62.9815,46.5279
5640,71.0145,103.503,66.5349,47.1324
5700,70.6181,99.4784,62.0853,44.5128
5760,73.8083,106.027,66.9056,43.5682
5820,75.5789,105.152,64.2621,44.717
5880,76.3728,105.249,66.519,46.7986
5940,76.1615,103.91,66.5741,44.7392
6000,74.3698,107.762,65.4449,45.0984
6060,73.2713,107.184,65.5785,43.4548
6120,75.5778,114.525,68.0407,43.8936
6180,74.3961,108.395,66.6645,43.0022
6240,74.5115,111.656,65.5183,43.1205
6300,75.1017,107.581,65.24,45.5335
6360,74.0341,111.173,63.9907,44.0946
6420,76.2861,112.885,63.5686,46.8767
6480,78.1443,108.593,62.6757,45.9662
6540,80.526,113.616,64.7501,47.755
6600,78.9929,109.316,62.8356,45.9901
6660,67.7568,86.775,52.289,42.9243
6720,68.1908,85.0782,49.8328,48.2012
6780,70.1538,85.4406,46.3874,45.7829
6840,68.4959,84.8993,48.2533,42.8216
6900,67.7988,88.8832,46.5604,44.8417
6960,69.0855,88.4561,48.7431,47.1606
7020,66.8347,82.426,48.6904,45.3126
7080,68.2082,83.5751,48.2992,47.8899
7140,60.1238,77.0049,43.5178,44.9672
7200,64.9866,118.784,66.2141,74.2103
7260,67.256,125.129,65.6535,74.0929
7320,65.7499,124.256,67.1988,72.7961
7380,66.5978,120.055,64.3441,72.3644
7440,68.7899,124.276,64.8459,71.4112
7500,68.4978,125.222,65.0165,72.3907
7560,65.585,124.893,64.6829,72.3679
7620,66.9164,118.97,65.7311,73.0787
7680,65.0992,118.89,65.2765,73.4883
7740,64.8315,124.065,65.6178,71.8814
7800,67.5606,120.187,66.715,71.2795
7860,66.6776,124.257,65.5069,72.4654
7920,67.695,123.206,65.7789,73.1224
7980,67.6276,123.865,67.6917,74.2651
8040,67.8373,119.529,64.5097,71.8188
8100,65.5718,123.039,66.9722,71.9626
8160,67.747,119.342,67.6189,73.6906
8220,68.6846,120.813,67.7605,73.1699
8280,67.1582,122.657,66.4484,74.8295
8340,66.6683,118.905,65.2834,71.4651
8400,67.8623,124.262,66.6098,72.4857
8460,67.4369,122.398,64.6474,72.2903
8520,67.7463,121.425,66.0507,74.3605
8580,65.1139,120.495,64.1475,73.9464
8640,66.4198,125.31,65.6831,72.1365
8700,65.9874,125.294,69.1885,74.3663
