Time,FC,PAS,PAM,PAD
-1,62,136,89,65
0,68.2,149.6,97.9,65
60,66.7985,149.39,96.3547,65
120,69.4045,150.132,96.9554,65
180,74.057,149.84,106.92,65
240,68.0144,146.294,109.225,65
300,69.3343,150.586,100.282,65
360,68.1273,147.497,96.0499,65
420,67.8838,149.494,96.6342,65
480,70.2668,151.313,98.2391,64.3461
540,66.455,152.02,96.047,63.2212
600,67.1716,149.153,102.329,65.1314
660,70.2099,143.802,99.7229,65.0812
720,68.5295,148.753,97.5592,66.3736
780,67.0602,144.298,97.7558,61.135
840,67.5385,117.359,80.1947,49.863
900,64.7888,115.527,76.7345,56.1989
960,65.7073,113.252,73.9217,51.2089
1020,65.6955,120.765,77.4033,50.7757
1080,61.4741,153.837,101.136,56.7858
1140,63.9808,149.858,98.505,65.18
1200,59.985,146.352,93.4639,67.1229
1260,64.9343,150.044,96.6162,66.475
1320,60.9468,146.449,96.9511,68.0196
1380,60.2813,152.804,98.0297,61.4406
1440,61.4099,154.67,91.7933,59.6911
1500,52.6381,99.3623,68.4474,50.2768
1560,47.8983,103.994,47.456,48.0302
1620,52.9404,108.507,50.4385,50.1563
1680,51.2599,100.802,47.4101,45.6595
1740,51.8458,92.7748,66.3912,47.9296
1800,54.0878,94.8871,65.7432,43.6497
1860,54.1519,96.6503,67.4442,45.4236
1920,55.4608,100.47,68.3303,49.2408
1980,51.6108,96.8235,69.3179,49.9781
2040,50.7958,95.5814,69.9421,48.3267
2100,52.3197,98.9826,65.6498,49.3434
2160,54.0583,92.9429,64.0555,48.0132
2220,47.7709,70.3745,50.5345,30.4563
2280,51.111,74.7798,49.5849,33.0112
2340,49.8439,74.718,47.9682,36.3576
2400,49.3342,72.6845,50.4252,37.0878
2460,47.3194,71.1564,57.0184,33.1564
2520,55.8471,89.1363,63.7005,26.5273
2580,49.5537,77.7222,53.2822,29.1528
2640,50.1151,80.8206,53.5619,34.5161
2700,52.4856,82.7397,51.7974,30.9558
2760,50.2958,74.4176,53.3825,36.0683
2820,49.342,75.0845,53.5453,33.5378
2880,50.106,77.1794,50.4818,31.0739
2940,50.9854,77.3065,53.2064,31.9464
3000,58.6073,89.0563,62.5625,34.15
3060,59.9477,86.5869,66.234,32.4133
3120,59.4481,88.887,60.0774,34.4632
3180,58.3283,93.9358,65.8553,31.5682
3240,59.7101,86.9871,67.6414,30.0187
3300,66.6977,90.7349,72.1261,33.5845
3360,65.75,99.9583,70.5907,27.5917
3420,68.1808,96.7391,69.526,31.5604
3480,71.0828,92.6856,70.0805,28.9446
3540,73.7531,95.6261,70.9027,35.2428
3600,76.4081,101.997,75.801,31.8772
3660,74.3305,99.7498,71.0589,34.4984
3720,77.2207,103.785,68.9026,27.7784
3780,76.8862,101.91,75.007,32.4748
3840,73.1364,106.657,73.1219,32.6816
3900,72.049,97.8826,75.6782,35.4878
3960,71.3367,96.5481,67.4596,30.7835
4020,71.7453,101.039,72.4852,31.2404
4080,69.833,92.3332,72.9047,32.1763
4140,64.5947,99.6372,71.3094,31.099
4200,69.7107,98.0382,68.0495,37.7257
4260,66.2758,103.104,71.0799,39.566
4320,64.9061,99.6561,75.8009,39.569
4380,65.4558,100.135,77.759,37.2762
4440,68.9147,97.6598,77.4721,34.8725
4500,68.1136,98.4036,73.5846,36.8802
4560,68.6816,97.8238,75.823,33.9667
4620,68.4044,99.0436,68.8742,31.9049
4680,70.171,104.104,71.5135,36.0942
4740,66.7531,104.483,73.3178,38.0331
4800,72.7602,98.7702,68.5579,33.7721
4860,71.4154,100.56,71.281,34.0324
4920,71.1894,105.964,72.1741,29.8367
4980,69.8899,103.717,69.5654,36.4248
5040,74.8747,104.731,71.234,35.6156
5100,70.6031,104.654,73.5368,35.0372
5160,71.5737,104.513,67.5618,39.0211
5220,72.4351,103.717,72.8657,34.0321
5280,70.6657,108.844,72.2668,35.783
5340,73.3952,102.246,72.9562,35.9335
5400,74.3352,108.67,70.8453,33.3832
5460,72.0269,106.906,72.7508,31.6853
5520,73.3717,103.176,73.1687,35.9469
5580,72.3787,104.044,70.356,34.9634
5640,70.9599,104,66.4311,38.2063
5700,70.2232,105.682,68.755,38.6521
5760,72.1278,108.341,68.6212,36.5723
5820,70.7187,102.76,72.4229,34.9543
5880,71.958,102.521,73.4467,36.9695
5940,69.3052,109.564,69.0543,36.4395
6000,70.3729,105.304,68.8541,37.107
6060,69.6874,104.906,71.0125,41.2113
6120,71.8974,103.115,73.2924,38.2551
6180,72.6491,103.047,75.4559,34.5739
6240,73.8977,99.7654,71.4935,34.0689
6300,73.5849,98.2302,72.6941,34.3566
6360,73.5531,98.2941,72.611,34.6301
6420,75.97,100.391,71.5239,35.1845
6480,62.8143,81.0868,57.2578,39.4425
6540,63.0785,79.0899,56.7188,38.1081
6600,61.3074,74.7324,56.8519,36.7733
6660,61.9258,80.008,52.4299,39.009
6720,62.8936,77.6827,53.4756,36.7402
6780,63.2029,77.2615,54.946,40.1399
6840,60.8626,113.995,75.5176,58.6129
6900,60.9732,115.599,77.1086,53.7173
6960,60.0447,114.387,75.9753,55.85
7020,61.7761,114.029,74.4477,57.0343
7080,60.1417,113.627,75.5047,53.2411
7140,60.8518,112.611,77.1627,57.9677
7200,61.9825,113.214,73.988,55.2676
7260,63.2491,114.133,76.7136,55.9381
7320,60.2179,116.396,77.9746,55.4346
7380,62.3078,112.894,74.0464,57.2208
7440,60.7779,116.545,77.6019,54.3267
7500,63.1108,113.537,76.9034,53.7137
7560,61.4778,116.239,77.9931,54.3382
7620,61.6303,115.137,75.7415,55.5467
7680,61.5238,115.248,76.3872,56.3001
7740,60.3503,113.815,75.0199,53.8773
7800,63.1349,113.416,77.4093,55.7724
7860,60.7232,117.245,76.6355,55.0708
7920,61.9545,114.756,77.5097,55.2895
7980,61.9492,114.946,77.0474,53.1935
8040,60.3438,115.622,75.3222,55.676
8100,60.0808,116.823,74.5597,55.2031
8160,60.8911,116.697,74.8886,54.7386
