Time,FC,PAS,PAM,PAD
-1,67,108,84,87
0,73.7,118.8,92.4,87
60,75.2461,117.696,90.8068,87
120,74.2525,117.615,92.1645,87
180,82.3188,120.104,102.54,87
240,81.3621,119.826,101.421,87
300,73.0432,118.018,90.8215,87
360,73.0959,119.288,93.9194,87
420,74.9908,120.03,90.5613,87
480,72.7048,115.582,93.1142,85.4883
540,74.269,117.163,91.3851,88.2605
600,74.9129,120.677,94.6083,85.9304
660,73.103,118.525,96.6835,85.8988
720,72.2194,123.763,90.7638,85.4866
780,73.1973,118.355,92.9178,88.2704
840,72.9767,117.908,92.5689,85.1966
900,74.717,114.479,92.7599,90.0192
960,73.6095,94.2334,78.258,69.3812
1020,73.8591,101.587,73.8589,72.0589
1080,68.7948,98.1303,76.0198,69.7381
1140,70.4022,96.887,68.752,67.63
1200,65.6825,100.605,90.7497,66.3445
1260,67.7783,119.433,95.5438,89.0524
1320,68.2159,122.817,89.9936,86.7167
1380,65.1124,115.642,93.8892,86.8253
1440,66.4134,116.148,91.488,88.305
1500,69.5681,116.962,94.2954,89.6192
1560,66.9834,119.689,95.1494,86.5864
1620,64.9065,118.835,88.0562,86.9743
1680,67.2105,117.137,93.2605,88.9016
1740,65.9044,121.428,90.1507,83.863
1800,69.2222,117.098,93.6959,87.9529
1860,57.2834,89.1532,70.8784,59.3967
1920,55.0841,83.1888,46.0747,62.985
1980,55.3979,85.7838,42.0449,60.9589
2040,55.5239,85.6439,42.3585,61.5638
2100,59.2228,85.5653,65.3521,56.351
2160,56.6886,81.4899,67.7331,61.786
2220,58.9506,80.2313,66.8065,60.1222
2280,57.7967,85.5188,67.4093,64.0974
2340,54.9625,82.1217,59.4259,62.3902
2400,59.1095,83.4141,63.835,64.2935
2460,56.9957,81.0786,58.0694,60.0409
2520,56.6486,61.5967,45.0059,43.0742
2580,55.7761,60.2448,42.7836,42.185
2640,56.6789,61.8902,50.0149,42.2169
2700,58.7814,63.0007,50.9833,40.1505
2760,53.7848,59.4319,50.1118,42.2075
2820,53.1324,57.1644,47.4557,41.349
2880,50.2196,65.1031,50.9124,42.9265
2940,52.3634,62.0792,47.8002,42.3069
3000,49.8042,56.1905,48.5734,41.7639
3060,54.6857,62.4351,49.2243,45.2695
3120,51.0004,58.9789,51.4778,46.6068
3180,50.2055,66.7643,46.2929,38.3218
3240,53.0046,58.8632,48.4637,41.5249
3300,54.8594,64.0659,55.3594,46.4518
3360,70.6289,73.5763,63.2223,40.0134
3420,63.2497,62.9816,48.6561,46.5242
3480,63.7691,67.3035,47.6634,38.7512
3540,68.0045,68.1423,50.1261,38.6986
3600,62.9352,65.7132,48.7172,40.0804
3660,66.7026,64.7081,46.4952,43.875
3720,65.7738,62.5495,46.6537,37.5837
3780,65.6967,67.215,46.88,39.7754
3840,64.8448,58.745,48.7727,41.864
3900,67.4629,56.707,43.8593,43.4418
3960,64.9946,58.3113,50.983,38.7355
4020,64.3779,63.5851,51.6192,40.8248
4080,67.5436,61.4012,51.2159,44.892
4140,65.3125,60.3331,47.9416,42.4408
4200,65.7437,64.7042,50.6038,37.4179
4260,67.0957,63.6467,50.3511,44.4639
4320,63.0759,60.8759,52.6146,42.1168
4380,66.6901,64.6657,51.2227,41.312
4440,64.4592,62.775,47.0387,38.9197
4500,64.9859,57.7821,49.4318,37.1525
4560,65.6643,64.1972,47.2215,42.2888
4620,63.6136,61.2897,49.2693,40.8483
4680,65.8924,61.6922,53.8225,40.375
4740,62.9179,63.5091,50.5725,38.2694
4800,66.4825,60.2445,48.1672,40.2036
4860,65.9225,66.0715,50.8078,42.7978
4920,67.1378,62.525,53.4592,41.3691
4980,67.4925,64.5273,49.7882,41.0485
5040,69.9692,65.1968,48.1728,38.0002
5100,68.6378,59.0886,46.7886,40.3791
5160,73.961,65.743,46.6149,42.4764
5220,87.9683,79.9955,62.5663,40.8106
5280,85.9486,80.4083,57.3143,40.1997
5340,85.6739,74.7674,62.4198,40.3983
5400,85.2767,71.7411,56.8791,40.091
5460,86.2407,77.4819,60.4814,40.4398
5520,84.38,73.5784,62.2925,40.7668
5580,86.8983,77.1276,61.012,40.5549
5640,93.9646,76.3656,64.7694,43.9022
5700,89.8939,82.8799,63.1261,41.5002
5760,91.6707,82.3798,63.8659,38.0726
5820,95.201,79.849,67.0421,40.1169
5880,94.3707,79.7356,67.6711,40.6268
5940,93.147,79.4602,67.9734,39.9791
6000,93.9559,84.6192,69.2793,37.884
6060,94.4328,83.3142,64.1924,39.635
6120,93.9573,86.1515,64.367,38.506
6180,87.2172,83.0232,69.0713,39.6572
6240,88.7234,84.1016,68.071,40.7295
6300,88.5343,87.0095,60.6562,39.0477
6360,86.487,78.9194,70.7678,42.6321
6420,81.559,81.2237,67.9215,44.585
6480,85.2747,79.9082,67.4471,44.8328
6540,82.9236,84.6166,71.0553,39.4367
6600,80.3229,84.98,69.844,42.8757
6660,83.2015,81.0331,68.7225,39.081
6720,84.4669,77.3537,69.5708,41.8328
6780,84.0926,75.1023,73.2546,37.9953
6840,87.7809,82.59,70.0436,39.6675
6900,83.9324,76.9389,67.5336,41.6591
6960,86.9949,82.9644,67.9467,40.3521
7020,82.6725,82.2786,63.3681,40.323
7080,84.1353,77.3573,65.509,38.895
7140,83.2897,80.182,64.346,41.0484
7200,80.9506,76.6497,68.1729,40.4335
7260,86.1903,82.4616,65.6436,39.5973
7320,82.5982,84.1962,71.3268,36.0046
7380,82.3669,82.5656,67.2745,40.8838
7440,86.2411,83.9269,67.8657,40.0502
7500,85.0257,82.6723,65.2578,41.1246
7560,85.0759,79.1429,69.6926,38.2496
7620,83.9252,81.7962,67.2668,42.8971
7680,86.734,80.4169,69.5288,41.709
7740,87.9473,79.224,67.9983,41.3975
7800,83.4939,82.5592,61.022,37.78
7860,83.5547,74.243,70.5848,38.5326
7920,83.6628,79.1937,70.2757,41.9247
7980,88.0323,75.6139,67.8101,43.3755
8040,88.4211,79.8539,67.8798,40.2688
8100,85.4546,83.9565,69.2113,44.1087
8160,85.9435,83.6509,69.5643,38.4586
8220,84.9139,77.6116,67.2669,41.5088
8280,83.8159,88.8384,67.6807,43.8449
8340,84.6322,85.6788,67.1617,39.6406
8400,88.0291,81.288,74.039,43.1645
8460,88.4347,83.0769,69.741,38.522
8520,86.0904,84.2951,72.2669,41.9738
8580,89.9482,89.0499,71.7473,37.9701
8640,93.9742,84.0478,67.6778,39.7293
8700,89.8516,88.7333,69.8803,41.9051
8760,96.5518,82.8361,69.8817,42.2903
8820,95.5728,89.7605,69.1008,42.0874
8880,95.8428,86.165,69.8677,41.4145
8940,95.6606,83.0351,70.3936,43.3115
9000,94.7231,86.62,70.0042,41.4462
9060,93.3757,89.1632,68.152,40.2021
9120,94.591,86.9494,73.4824,40.2598
9180,98.5387,88.4722,70.4396,39.2032
9240,93.1277,86.1435,72.2564,43.5113
9300,95.2847,84.2326,68.7983,43.148
9360,96.2898,86.7227,74.884,44.6546
9420,98.7347,88.3293,78.4442,43.513
9480,97.9365,89.8376,76.4348,39.2547
9540,96.602,86.9161,71.8226,41.7585
9600,95.9704,90.1064,74.775,42.2507
9660,98.7699,86.1258,73.7968,38.5607
9720,99.8517,90.395,72.3569,42.3758
9780,96.8143,92.7401,76.316,41.3476
9840,97.5169,85.6213,77.9345,39.1317
9900,97.0288,87.8912,76.2273,40.4348
9960,96.4094,92.0004,75.5022,40.4137
10020,96.9969,84.4087,72.9341,42.5317
10080,95.5064,86.5165,78.0085,42.2438
10140,97.8733,89.585,72.1174,42.7271
10200,96.4772,88.1875,71.5128,43.5401
10260,95.6501,88.0366,78.6589,41.5525
10320,94.3322,90.5582,77.3951,40.5498
10380,94.5629,90.1727,75.1682,43.2621
10440,95.0001,89.9239,78.529,42.281
10500,96.4748,86.8859,77.6184,40.2527
10560,97.0851,87.2936,78.16,41.562
10620,96.7074,90.4854,77.4128,42.3637
10680,94.8217,88.3769,78.3434,40.356
10740,95.0431,86.5951,75.7822,40.7199
10800,96.967,90.2266,75.9645,44.0335
10860,95.8747,88.1027,78.5832,43.438
10920,93.9232,88.975,76.5532,43.0045
10980,96.5334,91.2595,78.5233,41.9402
11040,94.3563,88.5295,78.8388,43.6097
11100,75.8648,70.3751,61.1131,42.2407
11160,78.153,69.3078,61.9052,40.5302
11220,75.8098,72.8094,60.1714,40.1489
11280,72.8025,68.7763,61.7953,40.4971
11340,74.1213,70.0795,61.4769,43.9139
11400,71.5193,67.6399,60.1782,43.9214
11460,71.3918,68.3373,58.8176,41.8264
11520,74.1113,67.2516,58.2697,40.6518
11580,65.0987,62.151,53.9272,41.585
11640,72.3551,94.7013,81.0352,67.0885
11700,68.7225,97.1998,79.4082,69.1193
11760,69.4518,94.0924,82.4712,66.9892
11820,72.3592,96.9436,78.9882,67.2669
11880,72.6977,97.3155,79.3554,67.4586
11940,69.186,96.2834,82.0445,66.7384
12000,71.8354,98.5078,79.6051,68
12060,71.5239,97.9109,82.4308,68.9645
12120,68.9119,94.4674,82.5365,67.2796
12180,72.5259,98.2264,82.9819,67.2361
12240,68.6706,96.5317,80.1835,70.3664
12300,69.6217,95.3456,79.4315,67.5467
12360,68.9521,94.9458,81.1877,67.7375
12420,72.1657,94.2245,80.5061,69.0755
12480,69.0107,96.3216,78.7133,69.9161
12540,70.2445,97.3946,81.0375,68.6632
12600,72.6861,94.5796,82.3947,70.1764
12660,69.0713,96.4523,79.1472,67.3773
12720,68.7137,98.4308,81.6614,68.375
