Time,FC,PAS,PAM,PAD
-1,61,125,74,78
0,67.1,137.5,81.4,78
60,66.4096,135.411,81.5768,78
120,68.716,136.971,81.1141,78
180,73.7231,135.208,88.4758,78
240,73.9576,138.49,79.5076,78
300,65.801,134.115,80.7747,78
360,67.9929,135.874,79.9868,78
420,66.7295,137.927,79.6126,78
480,67.3033,137.254,84.0683,79.3707
540,67.4996,135.109,82.1927,78.1033
600,65.2495,134.824,80.5685,77.8025
660,67.046,132.725,80.2114,77.9299
720,68.1705,133.72,79.8888,79.3781
780,64.876,142.482,80.6212,76.9212
840,65.8709,141.435,80.4277,76.8938
900,61.7835,107.63,68.2083,63.1413
960,63.1402,111.245,61.872,61.0991
1020,62.3442,107.501,66.906,61.7672
1080,58.558,108.942,67.3143,63.2658
1140,60.0209,111.833,68.4695,63.0353
1200,58.9722,138.449,77.2759,63.1869
1260,60.8383,146.346,82.3677,78.4109
1320,58.2297,137.315,79.504,78.5616
1380,64.4535,140.515,81.0461,78.1575
1440,59.5891,138.175,78.5189,77.7805
1500,59.4039,131.645,81.3323,76.738
1560,56.0173,99.1961,55.2536,53.9178
1620,50.6229,100.115,41.7937,54.3541
1680,52.1063,100.133,37.9976,55.9584
1740,49.9804,108.364,38.1796,53.3525
1800,52.6353,105.715,53.1415,53.8474
1860,56.099,101.533,49.983,54.5302
1920,56.2814,96.5077,52.7082,56.5778
1980,54.5237,98.4485,56.2803,55.8651
2040,52.3736,95.6644,52.5504,54.3697
2100,53.8597,101.159,55.5678,56.3862
2160,47.7536,66.4595,35.3257,39.5432
2220,51.7724,64.6387,36.0883,38.1322
2280,48.6766,67.1308,36.9276,39.8523
2340,53.3678,71.9727,38.1788,37.721
2400,53.3314,72.1127,41.3545,41.4393
2460,50.3685,68.766,38.2968,35.1175
2520,49.5819,68.2768,36.6172,39.5872
2580,48.5738,66.0077,38.3755,38.3788
2640,48.173,65.9757,40.2724,37.4304
2700,49.1127,77.1187,38.6232,39.4465
2760,50.7601,69.7302,41.2321,36.9783
2820,59.679,84.4151,47.1045,40.0053
2880,50.2753,86.1005,46.8869,38.219
2940,49.5711,83.4122,40.7429,37.2834
3000,50.692,84.9768,41.6229,38.7652
3060,49.2654,82.1182,41.0243,36.1926
3120,51.7762,79.1516,38.2749,36.2949
3180,50.6223,81.831,37.7517,34.59
3240,52.4074,83.8238,41.2738,39.3824
3300,52.0963,80.9467,45.2028,40.7178
3360,51.2113,77.4213,40.9761,39.9316
3420,51.3741,87.9526,42.6366,36.5816
3480,50.3775,76.9889,41.6466,37.7884
3540,51.1976,80.9654,40.311,35.9942
3600,49.6859,79.1724,38.8372,39.3142
3660,55.2575,95.8462,47.0899,39.3619
3720,56.8026,83.063,49.1279,39.3453
3780,60.7254,90.4919,46.1354,41.3133
3840,62.7494,92.2898,50.15,41.2612
3900,60.6209,92.8607,48.444,40.7782
3960,62.4052,87.9963,47.0741,41.5243
4020,69.6851,98.8915,51.4056,41.1972
4080,69.2506,97.674,50.1659,37.5555
4140,66.5146,96.7071,49.4003,42.146
4200,68.5773,89.7094,49.919,38.2157
4260,73.0451,93.6177,54.3844,41.1811
4320,72.852,96.2944,51.2207,38.9794
4380,74.472,86.1487,51.5277,39.6928
4440,72.8589,86.1104,53.0118,37.8148
4500,71.6962,94.2561,53.4739,40.1949
4560,68.0999,91.9302,52.4149,40.8899
4620,71.3732,97.8904,45.4664,39.8705
4680,69.9677,87.4381,50.9686,42.9282
4740,68.8736,92.2631,54.5173,40.5707
4800,65.0942,92.9704,52.3018,40.094
4860,64.8031,87.4919,51.1343,39.4262
4920,63.355,94.1469,52.4479,38.6992
4980,66.5045,90.3442,54.3883,40.1179
5040,65.9914,96.2684,52.2611,40.0485
5100,63.3648,95.1145,52.7206,41.1039
5160,67.762,83.8009,49.9985,38.7487
5220,66.767,92.0338,49.4341,38.7326
5280,67.0475,92.1015,52.5719,39.7684
5340,70.8363,88.8641,49.0446,36.9125
5400,67.4141,99.9275,49.1976,38.5551
5460,68.8365,93.2682,46.5851,37.0538
5520,70.2008,95.5515,48.1505,39.8202
5580,68.7588,84.6821,58.0271,36.2452
5640,68.9744,91.5217,48.3001,38.5823
5700,68.6096,94.8579,50.9987,37.9805
5760,71.9785,88.3587,47.3959,35.805
5820,67.8946,83.2672,52.6789,38.1855
5880,69.4474,82.2508,51.1863,36.4187
5940,67.9008,89.0266,51.9991,42.2896
6000,69.9535,86.2721,52.2874,41.783
6060,70.0246,85.7435,50.2875,37.7447
6120,71.0872,84.0796,48.906,39.2902
6180,69.4692,92.1415,49.0573,36.3742
6240,69.9039,89.0921,48.5281,41.2186
6300,67.4101,88.321,49.2122,37.5375
6360,66.1413,88.8,51.1927,38.5625
6420,69.7069,89.686,48.605,39.965
6480,67.5265,88.9806,49.7189,37.1202
6540,67.1038,87.533,51.2394,41.4568
6600,67.661,89.76,49.8707,39.8778
6660,69.8819,94.1483,49.0625,38.8854
6720,70.2586,87.6656,48.7678,37.0876
6780,68.0937,88.6231,47.6348,38.9904
6840,67.6988,86.4613,49.4004,38.4573
6900,68.8682,87.2608,47.3531,36.9525
6960,68.8438,82.6977,49.3016,39.579
7020,67.1482,85.2501,50.3537,37.0321
7080,66.031,82.302,49.1387,41.0728
7140,67.4462,84.3856,48.649,42.401
7200,66.7429,88.4439,51.2365,39.021
7260,67.3463,89.3992,47.0643,40.8343
7320,67.7967,88.0068,46.3932,40.8391
7380,70.5569,84.9799,52.1414,39.1886
7440,70.7377,91.1348,50.2263,39.0734
7500,70.6642,79.6701,48.1919,39.0482
7560,74.5946,92.0215,50.3609,41.0199
7620,73.0107,85.5095,50.1577,38.1445
7680,73.2712,87.4034,50.1803,37.8913
7740,72.9267,80.0508,52.7144,38.3224
7800,76.2129,84.0474,50.1628,41.0378
7860,74.7151,89.9373,53.314,38.5
7920,74.9686,87.1053,51.6792,40.3345
7980,74.2542,95.4077,48.5946,38.6011
8040,73.2166,91.8751,48.8969,38.1792
8100,75.4312,91.3935,49.1727,39.6514
8160,75.1843,91.5973,47.4993,36.7218
8220,75.0254,89.1551,49.5762,37.9299
8280,62.007,72.3542,40.2587,38.8275
8340,61.9065,75.6462,39.2088,37.8021
8400,61.5784,68.8154,37.5811,39.4074
8460,61.4393,70.5638,36.1613,37.7439
8520,62.9648,73.6714,35.4375,39.5566
8580,62.1443,71.5188,38.8471,38.9907
8640,62.0741,68.7598,38.056,37.3474
8700,61.0623,70.0876,38.4372,37.9856
8760,54.2107,64.2016,33.7845,38.7929
8820,59.8243,101.564,55.8205,61.6252
8880,59.8678,104.356,57.3916,61.5281
8940,62.0024,104.641,58.9813,62.0527
9000,60.454,106.276,58.0314,62.8398
9060,60.2104,104.231,58.2768,62.521
9120,61.0957,103.201,56.1001,62.3925
9180,61.2358,106.499,56.6655,61.9491
9240,60.6931,106.331,57.0692,61.9711
9300,59.6119,102.631,56.8838,60.9169
9360,59.1853,105.247,59.1495,62.6521
9420,60.5491,105.837,58.1135,62.4645
9480,61.5949,102.089,58.7786,60.0858
9540,62.0152,103.807,55.7861,61.4121
9600,59.1952,100.738,57.1149,61.8833
9660,59.3026,104.313,57.1457,61.4411
9720,60.9042,105.133,56.6796,61.9698
9780,59.5505,103.903,56.0965,60.1612
9840,60.202,100.392,56.0152,62.2085
9900,61.8864,108,59.8361,61.8758
