Time,FC,PAS,PAM,PAD
-1,86,123,76,60
0,94.6,135.3,83.6,60
60,94.0138,135.898,82.2689,60
120,94.5075,136.254,83.6338,60
180,103.936,133.592,92.2229,60
240,103.82,132.212,90.6124,60
300,96.7338,134.464,82.6723,60
360,93.8766,133.947,82.2202,60
420,94.9526,137.096,81.8264,60
480,96.2618,138.442,84.7982,59.7205
540,96.419,137.353,83.8484,61.31
600,96.7572,135.912,87.4799,59.7172
660,94.5707,137.325,87.0196,58.8346
720,97.2613,137.355,85.2521,59.0338
780,92.9553,134.077,85.2833,59.9822
840,95.2464,134.536,82.9703,58.0781
900,88.3211,105.948,63.2585,48.7278
960,88.5225,105.414,64.8994,47.3877
1020,85.593,108.108,64.5919,49.1237
1080,87.0797,112.135,65.6405,47.3709
1140,84.3982,132.947,67.7809,48.4553
1200,86.3305,135.163,65.8985,48.6788
1260,85.2221,133.923,89.7098,60.7234
1320,85.5846,131.963,86.0766,56.6759
1380,87.4052,132.55,84.2483,60.6406
1440,89.3846,139.009,84.8123,61.4776
1500,84.6821,135.713,87.2357,58.9155
1560,82.5946,135.999,84.813,56.0446
1620,76.7925,95.8836,56.5387,43.1698
1680,71.5885,87.1547,34.9128,41.8438
1740,72.7572,91.8641,38.4834,40.9001
1800,69.3546,93.2929,37.4044,40.6373
1860,74.8222,89.9255,54.4298,44.2974
1920,77.586,93.5696,58.1089,41.716
1980,75.81,96.2439,50.6033,45.9012
2040,73.6531,93.0275,54.0114,44.4686
2100,75.6507,92.4265,51.1452,43.7209
2160,73.3493,91.3094,56.8868,45.0384
2220,73.3782,92.0319,48.3628,43.7928
2280,69.312,67.4879,37.4981,27.6765
2340,65.6545,58.4773,41.9323,29.9917
2400,72.3715,67.1454,42.6282,29.9137
2460,70.8045,70.6445,45.2114,32.4475
2520,71.0806,66.6926,45.4632,30.8523
2580,69.4347,67.3482,41.7678,29.8525
2640,67.1269,69.0854,38.2644,33.4771
2700,67.0071,69.6906,44.4982,34.4698
2760,68.0941,66.9446,46.7859,27.8039
2820,64.4958,65.2259,46.6409,30.5287
2880,81.1048,85.9227,51.6289,27.6022
2940,71.067,82.1717,42.9587,31.741
3000,72.9864,73.4466,42.9312,29.2687
3060,70.2389,80.0208,46.6787,28.1941
3120,77.195,80.8647,41.4135,26.6936
3180,73.508,70.287,52.3914,31.5569
3240,75.3468,77.8267,44.3633,26.9918
3300,73.1781,68.5391,43.8396,32.5417
3360,78.2906,80.2966,47.4003,28.8965
3420,76.8505,73.2948,46.5544,29.0473
3480,75.8327,77.5355,41.9937,29.3114
3540,80.1095,80.94,46.2139,28.8843
3600,78.4799,80.3178,46.1612,29.2526
3660,77.4927,79.8717,42.2271,31.7292
3720,76.8881,78.2412,45.9353,27.6695
3780,76.5669,73.3094,41.5924,30.4936
3840,79.7405,76.5992,44.5586,31.9838
3900,75.8705,73.2584,47.2208,27.875
3960,77.4612,70.1962,41.7081,31.5451
4020,74.6319,71.574,43.3978,31.0645
4080,75.7189,79.0704,47.1467,28.6011
4140,78.436,74.0096,44.126,28.5284
4200,77.4822,73.6853,46.6191,29.6452
4260,91.6757,81.7231,47.2417,28.6307
4320,94.9433,84.7071,48.1134,28.8359
4380,92.5718,80.8379,57.1331,27.9334
4440,93.7197,78.0876,51.7085,30.9362
4500,93.6804,82.5392,51.7111,31.4869
4560,94.132,80.645,47.8966,29.6499
4620,102.545,82.6073,54.2078,28.5944
4680,103.758,82.6681,56.6939,30.1583
4740,103.733,84.5726,47.9977,29.7722
4800,107.977,88.8962,52.0375,28.7205
4860,111.939,85.5906,49.2633,30.0423
4920,112.924,89.0744,50.8655,28.5767
4980,111.412,88.5088,51.34,26.0768
5040,111.719,89.7846,54.4822,31.3249
5100,110.525,86.7255,49.6757,30.7778
5160,108.94,84.4534,50.1878,30.3878
5220,107.638,90.1451,51.6995,30.0543
5280,105.781,83.4449,49.3764,27.3542
5340,103.137,87.7859,56.4863,31.6463
5400,105.737,86.8639,57.0796,30.4802
5460,102.478,87.6689,57.1206,32.0347
5520,99.099,85.7777,52.945,29.4284
5580,101.616,82.1339,48.4232,33.4475
5640,101.118,85.4853,50.7841,31.4677
5700,100.659,82.061,53.1135,33.6463
5760,100.481,86.2976,49.9737,32.633
5820,104.524,83.7676,49.0707,29.0043
5880,101.12,85.1995,57.1951,31.8469
5940,99.5291,78.0928,49.4237,32.2085
6000,99.3466,84.7811,57.7982,30.6006
6060,104.281,85.2195,54.3423,33.0113
6120,104.3,82.4021,55.4422,32.5401
6180,102.141,83.8336,54.5399,35.2668
6240,98.7071,83.1923,53.2421,33.8957
6300,101.332,80.9289,53.6316,32.3759
6360,100.069,80.5699,52.851,31.2865
6420,105,83.1325,49.1466,32.7706
6480,104.434,88.9907,50.1142,30.6742
6540,101.222,80.4956,52.5547,30.6255
6600,104.337,89.1104,56.9079,30.5873
6660,105.23,79.4897,53.2607,33.1788
6720,101.091,86.1292,57.2256,31.7009
6780,101.739,85.6154,56.6514,32.6538
6840,100.374,82.6793,56.2056,31.0639
6900,101.325,81.1572,55.0009,31.9867
6960,104.035,83.1063,57.4978,32.0923
7020,102.566,83.9595,53.568,32.466
7080,101.891,82.2894,54.3936,34.1757
7140,98.9465,79.2873,59.2042,31.4041
7200,99.8447,79.7388,54.4463,32.5737
7260,103.169,82.0201,54.6904,32.716
7320,100.179,84.7846,58.8418,32.3206
7380,102.828,85.8268,54.4861,32.7205
7440,105.406,85.9473,49.4175,32.4181
7500,108.027,79.7719,56.0492,30.5393
7560,109.382,87.6926,54.8959,30.4142
7620,113.856,86.0794,53.8191,33.488
7680,117.376,78.0629,58.9069,32.0607
7740,116.687,79.9107,54.6628,30.1672
7800,112.368,82.8455,60.5227,32.2735
7860,115.93,87.3667,59.3098,31.3497
7920,115.98,89.8441,52.3534,29.6
7980,115.666,80.0169,57.6302,32.2785
8040,114.488,84.3037,54.1451,34.9114
8100,116.992,82.4688,53.4447,33.045
8160,115.228,81.4033,50.5963,35.2047
8220,116.667,83.8312,53.9616,32.8061
8280,117.071,82.5106,58.376,34.8068
8340,114.101,82.5531,55.9797,30.9932
8400,114.979,80.9181,54.8576,33.5418
8460,115.681,86.3825,55.6362,35.2227
8520,115.187,86.8379,58.2435,35.9684
8580,116.081,86.9085,57.4647,32.9999
8640,115.804,85.0976,54.8225,34.6926
8700,115.097,82.7184,58.8341,34.7823
8760,113.803,84.0388,58.4348,33.4409
8820,116.663,87.4335,55.4423,35.8317
8880,116.848,86.5707,57.167,35.2034
8940,113.849,85.7412,56.4262,34.1125
9000,115.185,84.3903,55.9221,35.8694
9060,114.228,82.8983,58.7435,34.8974
9120,115.751,83.1068,55.2052,35.5396
9180,114.128,83.6571,56.274,33.2424
9240,115.526,84.4359,55.5513,33.4528
9300,91.5495,68.567,43.6488,36.0555
9360,91.6657,69.6515,46.5321,33.7852
9420,91.8564,66.8041,46.2145,34.9877
9480,88.6437,61.6645,44.7709,34.9057
9540,86.8136,64.633,43.2317,34.6635
9600,89.1889,64.0669,43.8159,35.2559
9660,89.1771,65.9895,45.9171,33.2044
9720,87.2047,62.2535,43.2285,34.1085
9780,79.514,56.4088,38.8387,35.7436
9840,84.3186,95.8393,63.3549,50.962
9900,85.1579,99.7304,62.7819,52.2948
9960,87.3525,98.7509,64.6084,52.5819
10020,84.8477,99.0851,64.6739,52.4798
10080,84.6742,99.8406,65.39,52.3339
10140,86.6766,97.778,66.7719,52.3576
10200,86.3332,96.2582,63.5359,50.487
10260,86.1619,98.4506,63.192,51.7508
10320,86.7774,96.9718,62.7084,49.7528
10380,84.589,95.7428,66.3277,49.7576
10440,86.9298,96.7374,66.754,52.7721
10500,87.9232,97.3092,66.4163,50.2742
10560,84.9237,97.7494,62.5554,52.6326
10620,87.7027,100.205,66.034,51.4069
10680,84.4107,100.488,66.1034,51.8233
10740,86.2608,100.168,63.9661,50.6213
10800,84.9164,97.1201,63.8839,50.9829
10860,85.7106,95.8947,64.419,50.308
10920,85.5379,97.0128,63.2448,50.9543
10980,86.8014,100.594,65.1316,52.7309
11040,85.8159,98.2978,66.5792,50.9996
11100,85.9356,98.6879,66.8518,51.645
11160,86.4382,99.0856,63.8117,50.3542
11220,86.4202,102.087,66.8204,52.4853
