Time,FC,PAS,PAM,PAD
-1,81,129,104,68
0,89.1,141.9,114.4,68
60,90.86,143.702,115.59,68
120,88.1881,141.421,112.139,68
180,97.8935,144.481,122.927,68
240,90.3817,139.212,127.334,68
300,90.1831,138.81,112.649,68
360,89.3184,141.295,111.82,68
420,88.1919,140.422,114.229,68
480,92.6293,146.837,116.116,67.0133
540,85.4273,143.95,112.916,69.8881
600,88.9641,141.987,117.289,69.8122
660,91.539,140.663,117.051,68.318
720,86.166,142.056,114.057,69.4411
780,89.0285,141.343,118.243,70.0376
840,86.1201,115.883,90.4558,50.9667
900,82.3523,113.037,92.7819,53.4555
960,87.2984,117.708,89.0224,53.4987
1020,81.1528,111.261,91.9258,52.6874
1080,78.8643,107.514,121.989,51.1932
1140,81.7608,112.038,115.365,66.249
1200,70.7326,106.377,75.9049,45.9681
1260,64.9144,115.41,50.4261,48.4722
1320,66.8615,107.84,51.2952,46.4895
1380,67.1375,117.794,49.9686,50.8046
1440,71.5499,102.906,75.9196,50.4692
1500,69.6508,107.045,66.691,51.7399
1560,71.9403,112.163,72.4428,48.8551
1620,71.9574,112.286,71.8625,47.4738
1680,68.0707,104.26,73.1306,45.6025
1740,71.4112,112.035,71.0094,47.9921
1800,71.1944,108.021,72.2229,47.8185
1860,65.9815,72.2327,49.0443,31.8122
1920,65.7791,79.9996,52.6234,35.095
1980,64.8737,74.0836,51.0217,34.0438
2040,64.8655,79.9102,56.958,32.5714
2100,69.6177,74.9022,58.8357,33.6103
2160,83.9425,95.1096,65.9522,33.7431
2220,72.1919,81.1961,66.2415,31.9021
2280,69.9979,88.5304,55.947,29.9315
2340,66.2414,78.395,58.972,30.1117
2400,68.1384,74.0198,56.4467,35.8422
2460,68.2069,77.4344,56.2455,36.0263
2520,68.6986,88.6041,56.5882,35.3337
2580,67.544,77.2859,56.9185,34.0466
2640,66.0186,75.9737,61.0887,36.1703
2700,69.1427,80.7282,59.1367,32.1524
2760,66.8366,82.8185,55.5314,32.4391
2820,75.7261,99.7896,67.2638,33.054
2880,79.4022,97.7942,67.6384,36.4392
2940,79.0019,95.1255,70.3126,32.6557
3000,76.3164,96.9252,66.2656,33.3605
3060,76.2613,97.2397,62.7277,31.1018
3120,80.2903,101.088,69.4851,30.2096
3180,86.5459,108.592,71.5421,32.9921
3240,87.6234,105.192,80.0603,31.4282
3300,89.6414,94.8532,72.6163,33.3868
3360,91.1654,106.862,81.2604,35.1421
3420,98.9235,105.609,80.9041,32.4085
3480,95.3746,98.8948,74.0495,31.1244
3540,95.4292,96.3819,81.5237,29.9784
3600,95.12,106.145,75.1108,32.0719
3660,96.4501,99.5081,81.5428,31.441
3720,95.9224,96.8522,79.3153,30.4521
3780,94.2408,100.473,78.4297,32.8789
3840,92.1054,103.484,74.1732,30.6114
3900,88.4497,101.256,77.1207,30.3971
3960,86.3389,98.8938,72.2615,34.1773
4020,84.2557,97.8491,75.2046,33.5816
4080,86.5631,99.5301,69.7109,31.9036
4140,86.2794,98.3593,77.1587,34.3014
4200,87.6397,101.745,80.6232,29.4348
4260,88.1687,100.625,78.3665,28.6172
4320,88.6589,99.6354,77.2411,29.7674
4380,85.3782,107.636,72.683,28.5955
4440,87.5682,98.5178,76.0034,34.1123
4500,88.4813,97.0227,76.3294,31.552
4560,92.2158,100.332,77.3021,32.5137
4620,93.7294,103.473,77.8233,32.5114
4680,93.0098,104.409,74.4874,33.0707
4740,92.9136,99.1759,75.5755,33.5964
4800,95.2103,94.5237,77.2651,29.6147
4860,94.1128,101.467,73.5721,32.3417
4920,96.0951,100.084,69.5612,30.9961
4980,91.6604,94.0361,76.9388,31.0313
5040,95.6979,99.3561,75.033,34.6546
5100,94.7078,99.3264,77.8558,30.0982
5160,96.0259,103.216,77.9468,29.07
5220,93.1052,95.2177,74.371,34.7569
5280,93.1566,103.001,71.0594,30.3479
5340,93.7799,99.773,76.9826,32.1765
5400,93.7806,99.6486,72.709,26.3266
5460,91.3338,104.309,75.5232,32.6001
5520,93.8492,96.4083,71.1457,27.4105
5580,91.928,98.1255,72.5327,28.3062
5640,94.6193,92.3151,75.4049,25.7331
5700,93.1933,99.1281,73.7468,34.3524
5760,92.5628,97.5449,71.6096,28.7025
5820,94.4756,97.8888,70.8938,32.4693
5880,93.6553,97.8576,73.8029,28.0483
5940,92.456,96.5264,72.5959,28.4859
6000,94.7588,96.0075,73.8831,29.3511
6060,95.1216,94.3959,69.3839,30.0952
6120,96.0032,98.8613,73.0259,29.6156
6180,78.0734,77.0977,57.6119,31.4548
6240,78.1566,74.9445,52.0658,30.4127
6300,80.1804,74.6303,54.4923,30.9076
6360,83.2214,70.0948,50.4509,31.0009
6420,82.8866,70.8817,52.0266,31.9127
6480,82.9226,73.6769,53.5768,28.7284
6540,81.3661,69.9978,54.2975,29.0542
6600,82.8091,73.7193,50.4348,31.2105
6660,73.7835,61.3123,44.49,31.6809
6720,80.5198,97.3322,81.0746,50.3427
6780,81.9523,97.2205,79.5932,49.5053
6840,82.3692,98.412,77.9589,48.8985
6900,80.4406,97.4205,78.8351,50.2879
6960,82.649,99.0331,83.3926,52.2072
7020,79.877,100.146,78.6535,51.4841
7080,81.7508,97.3786,79.1176,51.9305
7140,81.9802,94.0204,79.6373,52.3323
7200,81.6925,97.2764,81.4659,49.9762
7260,82.5268,99.5023,79.443,48.9534
7320,81.3009,95.9899,80.9596,52.0408
7380,80.6185,96.5276,80.7378,48.896
7440,80.9135,97.5866,77.7567,50.9798
7500,82.8716,98.3265,78.6376,50.7946
7560,82.957,97.4568,79.5216,51.2924
7620,81.9129,98.3804,80.7408,49.711
7680,80.7008,95.6385,80.5442,49.2623
7740,80.4562,99.466,78.5499,51.3085
7800,80.6055,98.8399,80.3676,50.6756
7860,80.5636,94.195,80.3874,50.976
7920,82.0573,97.0502,78.479,51.2825
7980,80.568,95.7035,78.6434,49.6154
8040,82.4867,99.2761,85.0193,50.9203
