Time,FC,PAS,PAM,PAD
-1,72,100,104,72
0,79.2,110,114.4,72
90,79.6103,112.204,116.554,72
180,77.632,109.452,113.585,72
270,80.8574,109.257,113.038,72
360,78.167,111.221,115.305,72
450,79.2816,111.424,113.527,70.8688
540,81.8535,112.405,113.242,73.6611
630,77.0198,109.536,116.88,72.0708
720,80.3854,108.227,114.613,72.0254
810,77.0258,107.298,114.593,73.1347
900,94.5877,81.9955,93.4382,65.7581
990,97.2329,85.7875,93.5998,67.5333
1080,93.0151,89.9711,96.9173,67.3195
1170,92.05,88.7732,96.4093,67.9906
1260,90.8236,83.7123,93.9159,65.6053
1350,88.0441,82.874,97.7449,66.563
1440,89.5927,82.9715,92.8538,65.8605
1530,90.5505,83.0364,101.262,69.5051
1620,79.8407,57.9333,61.7322,44.2095
1710,77.3072,61.4337,36.0213,46.2096
1800,76.6243,66.3623,54.554,48.2535
1890,83.2339,68.6149,75.881,48.3704
1980,83.1836,63.2837,71.4659,47.6643
2070,81.2699,70.4446,69.8479,48.8488
2160,82.9563,69.7844,71.6538,44.9372
2250,76.2222,42.8788,48.9595,36.96
2340,73.5981,44.5338,47.166,38.1113
2430,77.5707,46.2878,54.9034,34.1188
2520,74.7318,43.6533,58.0212,31.1461
2610,75.2601,44.7517,56.2043,35.6232
2700,75.2153,49.1356,51.2845,33.0189
2790,76.3059,55.6275,46.2122,33.903
2880,74.3891,46.7299,51.0227,36.8687
2970,89.9996,70.1919,59.6871,38.4152
3060,78.657,57.5635,58.6977,38.8443
3150,75.3594,50.1733,51.3227,36.7857
3240,77.3594,59.5329,49.8538,36.1901
3330,75.1677,52.3125,51.6496,33.0809
3420,79.0866,49.9194,51.4001,33.9121
3510,75.7197,53.6832,57.7228,31.6316
3600,58.0944,69.8533,63.1187,33.266
3690,76.7468,44.4014,58.8476,34.8855
3780,74.2202,46.9617,53.1287,33.3064
3870,75.1092,49.8141,55.3992,30.0852
3960,90.1596,54.4913,66.6597,32.8304
4050,92.2625,56.9986,66.2012,37.2471
4140,93.9414,57.6268,57.8845,34.6719
4230,92.0275,54.0819,58.4942,32
4320,97.7402,52.5256,64.3057,35.0832
4410,98.507,56.6008,62.3819,32.0171
4500,100.27,63.0021,62.801,32.0479
4590,115.191,61.9391,64.7547,33.0333
4680,114.122,64.2602,63.1103,33.37
4770,112.962,61.2846,63.2854,35.326
4860,112.243,63.7537,63.0424,33.3612
4950,110.857,62.1081,68.9645,30.1158
5040,105.523,64.9572,60.4621,31.8171
5130,104.431,60.4188,68.6539,32.6497
5220,103.533,64.5,69.7254,31.1376
5310,105.143,57.859,64.5905,30.8067
5400,107.395,67.0746,62.3468,34.9851
5490,110.187,64.7273,66.8138,31.1976
5580,110.282,59.0878,65.2112,32.7332
5670,113.241,56.2388,67.4511,31.0303
5760,114.435,58.515,64.4,36.0487
5850,112.148,61.1924,62.7007,38.2742
5940,112.465,57.7066,66.3636,34.8238
6030,114.397,57.8272,66.9215,33.6941
6120,113.021,55.165,63.935,30.7211
6210,113.692,59.5998,66.4568,32.8968
6300,111.061,63.5254,66.5807,33.9208
6390,111.28,58.2513,67.119,34.8815
6480,114.548,58.584,68.2541,36.0145
6570,116.439,60.033,59.5024,32.4183
6660,112.331,60.0404,66.9743,34.2325
6750,113.689,60.6325,68.4435,36.4963
6840,115.788,56.1855,62.5124,36.2977
6930,119.863,52.6137,65.7016,33.7857
7020,119.801,56.1948,65.3456,33.4837
7110,121.146,53.1536,65.9748,31.0317
7200,117.45,53.535,64.1722,39.2224
7290,120.178,57.9268,63.0846,35.0875
7380,122.546,54.327,62.726,34.8313
7470,118.392,62.4567,68.1546,35.3409
7560,123.501,55.8258,62.0947,34.7856
7650,120.163,57.598,61.8157,34.6222
7740,123.465,56.3677,65.2641,34.4248
7830,122.729,58.3781,65.4324,32.7721
7920,125.048,56.322,66.1345,31.563
8010,130.673,59.6389,64.5906,35.7484
8100,132.236,54.6666,64.8401,31.2665
8190,136.445,59.1827,62.6075,32.6302
8280,137.933,59.2041,63.78,35.5077
8370,138.086,52.4056,63.2873,35.4489
8460,138.232,56.8163,66.1645,34.3207
8550,139.336,55.9824,63.4876,35.388
8640,138.534,55.1469,63.6807,35.1961
8730,136.163,56.7405,65.9119,34.5189
8820,136.472,54.5956,62.5142,36.7882
8910,111.61,46.6787,50.8449,35.3814
9000,113.878,44.7004,50.0999,36.9248
9090,108.282,42.3732,51.5541,36.4525
9180,107.411,42.8432,50.7198,32.9563
9270,99.1649,39.5815,47.3569,35.6312
9360,103.865,66.9063,76.0731,54.556
9450,106.16,61.4309,77.576,57.3057
9540,105.339,65.2451,79.2609,55.2658
9630,105.7,62.2119,79.6514,54.5553
9720,104.101,64.6902,75.8106,55.5457
9810,106.496,64.5694,77.0175,57.1564
9900,106.696,65.036,79.4688,57.1475
9990,102.65,59.6929,72.7676,53.9314
10080,103.491,62.0183,72.7878,53.5009
10170,101.687,57.7384,70.909,54.4717
10260,104.963,57.4954,74.4378,54.5704
10350,103.087,62.4045,73.6302,54.6425
10440,103.774,56.5823,70.0927,54.1559
10530,103.914,59.8507,71.5766,54.5151
10620,102.51,58.592,72.0389,54.3964
