Time,FC,PAS,PAM,PAD
-1,77,136,93,72
0,84.7,149.6,102.3,72
90,85.4458,147.141,103.344,72
180,94.2622,152.823,110.178,72
270,83.7772,152.374,102.232,72
360,85.2909,151.222,102.558,72
450,83.789,145.261,105.525,70.678
540,82.8293,149.433,100.622,70.3509
630,83.8375,146.955,101.352,70.9621
720,86.0181,150.538,100.841,70.8152
810,82.801,114.791,82.8188,58.0726
900,80.1493,118.271,87.2491,59.2003
990,74.3024,112.694,80.9126,54.9922
1080,77.8658,113.396,103.2,71.5964
1170,73.2195,142.897,103.182,73.6439
1260,62.9309,108.046,43.309,53.6248
1350,61.8507,107.482,42.5907,54.8045
1440,66.623,105.17,65.8385,47.7722
1530,66.1124,106.332,65.7253,50.293
1620,65.9333,102.048,62.8596,54.8766
1710,68.8845,108.949,71.1937,50.437
1800,63.473,103.284,67.097,48.9445
1890,60.407,76.2692,48.2091,35.261
1980,61.1008,71.9565,45.5518,33.8214
2070,61.9072,68.9369,48.4269,34.6108
2160,67.6296,76.4002,49.7001,36.494
2250,65.209,79.7797,52.9781,36.2876
2340,64.365,76.1115,57.0016,36.1391
2430,60.2026,81.0742,56.9099,34.8722
2520,62.0706,78.962,54.6183,35.049
2610,63.7882,76.273,54.216,33.434
2700,73.1973,90.1883,62.7701,34.2254
2790,73.334,98.3312,62.7968,34.1889
2880,74.1563,91.4794,62.9969,33.5234
2970,73.4146,86.4965,61.6805,34.7906
3060,78.2598,89.9497,67.719,36.0183
3150,75.7729,97.6265,66.6899,35.6624
3240,75.9937,94.6703,64.9122,35.6087
3330,77.8979,102.229,72.1256,41.0922
3420,80.1312,93.3657,67.4912,36.4308
3510,79.2438,96.1123,68.3296,37.7809
3600,76.1672,91.3732,67.7944,39.6835
3690,74.6969,93.3666,67.4246,36.806
3780,75.359,104.303,73.3261,41.8626
3870,74.7857,101.622,68.2867,34.5901
3960,77.2829,98.6838,71.5877,36.22
4050,80.4667,102.793,68.3978,35.7146
4140,80.1182,100.985,69.5064,31.5626
4230,78.5451,101.012,70.2151,39.4177
4320,79.6221,95.8548,72.2938,35.4154
4410,81.4588,92.9926,74.1476,38.7576
4500,79.9348,100.442,76.9554,41.0287
4590,81.9477,105.412,76.7853,37.869
4680,81.3491,102.701,74.3805,35.8326
4770,84.1793,93.8026,73.7021,36.4414
4860,82.1969,96.8596,70.9196,36.6989
4950,83.9196,101.162,72.569,36.0899
5040,81.0703,97.3067,74.8241,37.0722
5130,81.5942,91.2855,73.4972,34.2546
5220,84.3574,105.566,71.5539,34.5276
5310,85.2293,98.9262,75.6334,39.0021
5400,87.845,94.4245,72.9243,38.1762
5490,87.8864,103.356,76.7777,35.2459
5580,89.7869,97.094,74.8085,33.5714
5670,89.5766,104.122,75.0175,40.5421
5760,88.7552,98.4725,74.4002,34.261
5850,89.1602,101.917,75.5751,38.4572
5940,88.8321,96.386,74.2115,34.4472
6030,90.6413,95.1974,76.9039,35.3887
6120,75.5884,77.7611,63.7598,37.9919
6210,74.7354,80.8798,57.7784,36.0259
6300,73.8726,78.2089,58.7764,36.8246
6390,76.268,77.0471,61.7993,34.0569
6480,62.6397,66.498,51.0679,38.6638
6570,72.067,113.658,81.5884,60.9186
6660,73.4798,110.034,81.3545,58.8799
6750,77.4776,111.313,83.622,59.9199
6840,76.8576,113.191,82.7693,58.6846
6930,78.4916,113.425,84.8349,58.7538
7020,77.828,109.956,83.12,59.1887
7110,76.9835,111.602,83.8428,57.6602
7200,77.2766,110.511,83.315,61.1183
7290,77.531,111.381,83.3381,59.6377
7380,78.0844,112.82,84.9842,58.4777
7470,79.5147,112.307,84.8682,61.3969
7560,76.7401,110.791,82.2532,59.9631
7650,79.5587,109.931,85.1767,58.2811
7740,77.2806,111.823,83.9721,58.7465
