Time,FC,PAS,PAM,PAD
-1,76,98,100,80
0,83.6,107.8,110,80
90,82.8751,108.74,107.801,80
180,91.8538,110.402,110.483,80
270,84.6586,106.442,109.89,80
360,83.4471,108.239,110.199,80
450,85.7968,108.838,112.236,81.0422
540,84.7198,106.159,109.05,79.5317
630,84.6894,106.41,109.866,80.5323
720,79.6723,105.788,110.655,80.8784
810,80.4301,110.809,111.308,79.7746
900,80.1115,105.766,109.404,79.479
990,82.3591,80.6946,89.1293,63.6987
1080,73.8267,84.7592,86.3008,62.4222
1170,76.3057,92.535,88.5015,63.4501
1260,77.2255,111.765,113.036,80.0287
1350,77.6835,106.933,104.843,80.7607
1440,73.157,106.289,112.056,79.7591
1530,77.4101,107.711,110.1,81.3174
1620,75.8286,105.524,114.179,76.9956
1710,73.9627,104.994,113.698,81.8045
1800,72.8047,104.072,114.45,81.2749
1890,59.1063,70.199,46.1888,56.4413
1980,63.1902,71.1594,49.0794,54.3275
2070,63.3016,80.7128,42.765,53.8455
2160,64.179,67.7134,74.672,53.8216
2250,65.8642,69.0287,75.5682,58.7764
2340,66.6498,74.8552,78.4488,55.1249
2430,67.769,72.6586,71.0392,57.3595
2520,66.2873,70.3849,77.5788,55.5603
2610,61.706,57.2995,48.9364,39.0821
2700,65.8462,45.4218,53.737,36.8473
2790,58.5277,58.5437,52.7916,41.1732
2880,62.3139,58.2011,54.0205,41.3669
2970,60.3809,47.4774,58.8926,40.0252
3060,60.4231,51.476,53.1549,37.5465
3150,59.1582,50.3628,51.3714,39.1597
3240,60.4711,56.0826,55.7447,38.2322
3330,71.8627,70.0315,65.7602,38.1679
3420,59.0034,55.7466,57.0981,34.6437
3510,60.8614,48.599,58.3828,37.146
3600,61.5885,55.3098,62.0588,37.936
3690,66.8451,50.6849,60.0245,35.1608
3780,68.9377,55.8856,56.8896,39.4925
3870,70.5857,58.9608,58.1522,38.5671
3960,71.0604,52.1022,57.5698,41.1959
4050,70.6566,49.8121,58.8309,41.3413
4140,72.8356,49.015,60.7904,39.3234
4230,69.7244,49.6329,61.392,37.9365
4320,67.6053,48.8529,58.4443,36.261
4410,69.7575,53.9217,54.1995,39.4368
4500,68.1566,56.1117,54.2035,40.4993
4590,69.9344,59.02,57.3489,39.1562
4680,68.8964,53.993,57.8796,43.063
4770,71.1018,56.159,56.4292,39.7518
4860,69.1168,51.7328,56.5095,38.1538
4950,70.919,52.8352,52.9711,43.6026
5040,71.3185,51.4776,59.8775,40.4898
5130,87.1559,61.2465,76.1776,38.5798
5220,87.9375,57.6101,71.9387,40.5014
5310,86.3401,65.6157,66.9755,41.6924
5400,88.9922,66.3707,69.3531,40.8678
5490,96.0003,67.5911,70.5121,36.7911
5580,99.2968,63.8732,71.4153,38.856
5670,95.7164,71.6171,71.418,37.7855
5760,101.119,68.4173,72.9501,40.4177
5850,100.762,76.4436,71.5787,38.44
5940,95.624,79.0703,72.2608,38.4838
6030,100.031,73.8442,74.8863,37.9159
6120,92.684,67.6714,68.2928,35.0837
6210,88.9976,73.8069,73.2624,37.2978
6300,91.3203,74.4024,71.9703,35.6884
6390,89.5613,73.125,76.5745,38.3619
6480,90.7407,78.0621,70.4156,43.4088
6570,88.2622,72.6391,72.0219,37.3219
6660,92.5087,70.6465,74.6551,37.5815
6750,87.1345,67.5411,77.2096,39.0282
6840,90.7962,75.4145,69.8722,39.8676
6930,93.6058,72.1532,77.1512,37.0829
7020,87.4724,73.4171,70.6915,39.0365
7110,90.1159,76.0406,72.613,35.9963
7200,92.7466,72.1049,73.1002,39.3861
7290,92.9738,76.112,78.0502,35.6324
7380,92.0398,67.75,75.0968,37.7226
7470,92.6664,71.6776,76.8087,37.8244
7560,91.9998,76.2794,76.8188,39.2671
7650,93.5237,74.1732,76.8887,36.4217
7740,87.3578,81.785,73.8979,36.5878
7830,90.2966,77.5946,72.5634,34.7649
7920,90.7081,74.7813,72.0585,38.3513
8010,88.8659,75.1402,78.173,39.4187
8100,92.7585,75.4288,73.7837,39.3509
8190,90.0998,74.5169,72.1046,38.923
8280,91.1537,72.531,75.3422,40.7971
8370,93.7858,70.6461,75.26,38.5525
8460,86.1635,76.887,75.7127,39.5667
8550,93.2013,75.2696,74.1647,39.4057
8640,91.9532,71.948,80.6092,39.7265
8730,93.2934,68.91,73.2943,37.9711
8820,96.9148,68.1802,76.4503,37.8207
8910,97.3391,73.753,75.8186,39.2316
9000,101.446,72.208,78.5947,35.8046
9090,100.452,67.6554,79.6801,38.4932
9180,102.656,72.9429,74.8872,39.8464
9270,99.5859,70.9855,78.5288,38.1405
9360,103.384,74.4018,78.609,37.6599
9450,104.506,76.834,79.0245,41.3474
9540,106.917,68.7685,81.4901,35.7458
9630,106.928,75.9395,77.092,38.4215
9720,104.936,73.5786,80.5569,39.8278
9810,101.499,74.0524,82.5861,37.6301
9900,104.564,72.7666,78.9027,39.6971
9990,103.779,75.5454,79.4298,39.4851
10080,103.217,70.235,79.8557,38.6871
10170,103.837,76.5616,79.496,36.9147
10260,106.135,75.6734,77.5133,37.2193
10350,102.267,78.0336,80.8589,36.583
10440,106.021,72.1065,78.6981,37.4825
10530,104.863,73.8348,76.6772,38.6163
10620,101.081,73.5198,79.6656,39.1199
10710,103.392,72.7066,79.1877,38.5802
10800,104.408,71.6416,77.3963,37.9997
10890,101.644,74.2198,79.9568,36.8339
10980,103.103,71.2196,80.7565,38.9505
11070,102.33,73.1929,77.6624,38.0106
11160,102.431,75.8575,76.2201,38.1205
11250,103.918,76.2708,80.369,39.0944
11340,102.855,72.041,77.6945,39.2639
11430,83.3838,57.95,64.5544,39.3335
11520,82.5015,58.3931,64.9481,38.6861
11610,79.1922,57.8748,60.8431,37.2897
11700,79.2939,57.3724,61.8262,36.7057
11790,80.2556,54.6554,59.7462,37.6306
11880,80.2213,56.6087,61.1586,38.8953
11970,77.5272,57.2797,59.1741,39.3174
12060,76.8827,83.0409,87.2444,62.6313
12150,77.4106,80.6807,85.8809,62.3228
12240,76.1572,79.4326,89.6162,62.0786
12330,77.4043,82.7087,87.377,63.2529
12420,74.9765,81.092,88.1827,61.9765
12510,76.3843,79.4517,87.703,63.1723
12600,76.589,80.6522,86.0213,61.0051
12690,77.8127,82.4203,88.6793,63.7372
12780,75.0479,80.3939,85.91,61.7898
12870,76.4212,81.5614,87.871,61.8942
12960,76.3685,82.4062,87.6801,62.9341
13050,74.8214,79.2783,85.6622,63.1662
