Time,FC,PAS,PAM,PAD
-1,61,101,75,87
0,67.1,111.1,82.5,87
90,65.9937,112.07,80.8574,87
180,73.6406,113.134,80.8587,87
270,66.337,111.435,82.4424,87
360,68.7363,113.386,82.8674,87
450,66.1223,112.006,82.8279,88.0695
540,66.0432,108.871,85.1941,86.4405
630,64.9854,113.259,83.7713,86.3104
720,67.5273,111.329,84.6558,86.9646
810,67.1187,113.713,84.1549,86.1263
900,63.451,110.042,82.8959,86.5399
990,64.9493,87.7306,66.9918,68.7583
1080,62.418,87.5589,67.5491,69.9098
1170,59.5925,86.2482,63.4281,67.5368
1260,62.2186,114.014,79.1744,85.92
1350,64.196,108.68,83.2479,89.0349
1440,58.7232,114.246,83.417,86.6828
1530,58.4235,106.182,80.8279,89.4865
1620,64.387,105.372,83.7259,86.6207
1710,61.4457,106.674,84.7433,84.0578
1800,57.999,118.564,81.8363,87.4314
1890,58.6333,114.768,79.0547,87.1439
1980,57.4188,75.2698,57.8222,59.6072
2070,52.537,79.0805,38.9431,62.6927
2160,51.6861,78.0164,37.5463,62.0581
2250,57.2212,73.3336,57.707,60.2951
2340,57.4598,74.3408,55.6123,62.161
2430,57.2933,75.4403,56.2283,60.4287
2520,57.1039,71.9469,55.3658,59.4282
2610,51.3452,51.0613,40.1397,44.3206
2700,52.1377,46.6557,38.0272,43.7139
2790,52.7143,56.4487,45.3756,47.0639
2880,55.031,57.8884,40.8273,42.2869
2970,52.5371,48.5678,43.6406,44.4504
3060,51.2408,53.3244,39.6132,44.5949
3150,53.9244,54.3259,44.3939,44.2874
3240,57.7335,51.2896,41.1639,41.5958
3330,60.0155,54.7708,39.6771,43.0099
3420,60.412,52.868,39.8892,44.0626
3510,59.0432,55.2131,39.2986,39.7633
3600,61.3734,53.7805,42.3268,45.0739
3690,62.4783,49.3253,44.2217,39.7365
3780,61.7886,51.2725,40.3009,42.2389
3870,58.5002,51.8358,38.4338,44.8412
3960,63.1666,58.7842,42.4508,42.2744
4050,61.5383,54.8031,42.0391,43.9214
4140,57.8185,53.4319,37.6279,44.5133
4230,61.2988,58.0073,41.3751,42.0238
4320,60.578,55.1044,43.0134,45.0227
4410,62.0267,54.9183,41.4713,41.1765
4500,63.3382,57.4059,43.3159,42.5125
4590,61.3776,56.4927,41.5242,41.5916
4680,60.5593,53.514,44.1775,42.531
4770,59.7882,53.1027,41.2128,43.0652
4860,58.6293,55.8256,42.829,43.2615
4950,61.3594,54.4362,41.5238,44.2169
5040,67.2694,56.0507,41.3923,44.4987
5130,64.0149,55.5441,42.488,42.6903
5220,64.763,60.4509,40.8161,43.5178
5310,80.2555,68.0492,54.0132,42.0664
5400,80.4351,63.1436,52.4013,40.8482
5490,79.4043,69.2569,51.22,41.2119
5580,79.2874,68.3793,49.6451,42.4613
5670,85.6544,70.0169,54.8142,44.0856
5760,88.2071,68.2793,55.3852,40.9532
5850,86.5116,73.6208,55.1376,40.7609
5940,91.5432,72.9044,56.7797,39.2291
6030,92.4721,70.2617,57.7428,39.6745
6120,88.2051,70.4995,56.389,42.9637
6210,85.9802,71.0911,55.3573,42.2444
6300,83.2739,68.7822,58.4062,41.9991
6390,82.6082,67.6042,57.4698,39.353
6480,79.1711,72.7779,56.472,42.0611
6570,80.6839,69.8145,55.5643,40.6949
6660,81.7175,73.8208,57.6419,43.444
6750,79.938,73.12,61.3714,40.0401
6840,79.7136,67.5708,58.169,39.7684
6930,78.2929,72.6573,54.9749,41.6159
7020,80.6908,68.7419,57.8055,42.2858
7110,81.0865,72.1326,59.4271,42.314
7200,80.4419,70.9231,58.2892,40.2909
7290,80.8056,73.7212,56.0848,42.2391
7380,80.9045,71.7827,56.2198,40.7574
7470,78.839,70.9153,55.7992,42.0216
7560,80.3455,72.2476,62.9838,42.1652
7650,81.0461,69.3143,59.1592,41.3803
7740,78.0433,70.9756,54.9526,39.1959
7830,79.5738,70.863,61.5054,40.7031
7920,83.032,70.9426,58.1905,40.8257
8010,83.1664,65.1224,57.4096,40.6438
8100,81.2057,71.0549,58.3691,40.731
8190,81.2486,69.4536,60.4708,40.8701
8280,81.6741,67.933,56.248,37.8955
8370,87.0903,68.8811,62.0054,42.4976
8460,86.6785,71.1115,60.0662,43.8498
8550,87.8989,69.7053,59.3337,41.9143
8640,90.2903,77.9507,61.9052,41.5399
8730,91.8342,72.4799,55.2201,38.551
8820,90.5193,69.7962,59.9365,41.4557
8910,89.1476,68.899,59.2486,40.2232
9000,88.7576,66.1832,58.8097,40.3761
9090,92.0599,71.4329,60.8109,39.9188
9180,91.5928,72.9291,61.3206,40.8304
9270,93.3947,68.5303,57.1339,40.4689
9360,90.8265,69.404,59.3683,39.9932
9450,91.9876,64.6777,57.2894,43.4456
9540,92.4726,72.5253,57.4885,39.9487
9630,89.2401,67.7108,59.4198,41.5591
9720,93.9521,71.6758,63.0529,41.7515
9810,95.2467,71.4587,59.9615,42.2711
9900,93.3361,69.1937,61.0185,42.4866
9990,95.3093,68.1323,59.568,40.6721
10080,91.3915,70.9351,58.1186,41.0432
10170,90.5214,69.5811,58.9273,42.1697
10260,92.5621,71.36,56.5218,41.6151
10350,89.7157,69.3244,56.4257,40.8313
10440,94.3398,74.7381,59.6454,43.0148
10530,96.2183,72.7977,61.6015,40.1222
10620,94.712,74.2262,59.3933,42.1702
10710,95.4252,69.7595,58.3587,41.4663
10800,93.8299,73.5767,56.609,42.9239
10890,95.2466,69.1503,59.1978,40.5145
10980,94.9764,72.91,59.3181,42.1433
11070,93.5782,71.6819,57.4479,40.9159
11160,92.2338,71.0438,59.8633,42.8925
11250,92.3742,74.5938,59.672,40.2209
11340,93.2977,72.7523,56.8899,42.5139
11430,95.6979,72.5822,57.854,40.9236
11520,93.8787,71.8795,57.1223,40.6291
11610,94.2486,74.4703,57.514,40.702
11700,76.6258,55.4297,48.3187,43.0509
11790,76.2529,56.0256,45.7908,41.7943
11880,76.2222,55.8688,46.7628,41.8746
11970,74.5927,56.9578,47.3064,41.358
12060,62.6562,50.2754,38.8906,42.7147
12150,69.3423,83.7576,62.2917,68.7723
12240,68.1444,82.297,61.7786,68.1664
12330,68.9645,82.1275,65.101,69.1445
12420,69.3598,84.3287,65.5504,69.1609
12510,71.3895,81.4291,63.8761,67.6296
12600,69.1716,80.4493,61.9173,67.8084
12690,69.2509,84.1137,65.5031,67.4668
12780,69.6439,81.1845,62.8318,68.9999
12870,70.9221,82.6565,64.7859,69.0587
12960,70.9303,84.6669,64.0473,66.6709
13050,68.1744,82.6328,62.1441,67.9376
