Time,FC,PAS,PAM,PAD
-1,67,90,85,88
0,73.7,99,93.5,88
90,72.8638,99.5073,92.8274,88
180,80.5705,98.5669,92.1956,88
270,75.0078,96.6656,94.8719,88
360,72.6202,97.6489,95.1174,88
450,71.6066,95.915,90.9722,86.6629
540,72.5136,99.974,94.1584,90.0256
630,72.5219,99.0954,93.8102,89.5224
720,74.8947,99.3812,92.4444,88.3649
810,76.9132,95.8035,89.6115,88.5955
900,69.6489,79.8138,73.4892,69.025
990,69.441,85.3088,76.0574,72.6185
1080,70.0783,73.7753,75.4923,68.3379
1170,68.1979,97.1501,93.2466,88.6243
1260,64.5181,103.16,92.3548,91.575
1350,68.9243,99.2567,94.9124,90.4084
1440,69.8026,98.9602,89.9854,92.6447
1530,67.9063,97.9241,92.4602,88.0718
1620,70.331,99.805,94.6208,90.994
1710,67.1336,94.989,86.9671,86.9447
1800,57.9487,69.4325,43.1791,66.0931
1890,56.6861,72.93,37.0384,59.8493
1980,61.1405,66.7429,61.6214,57.7766
2070,59.4861,68.7312,61.666,66.2464
2160,59.951,70.0047,58.3728,61.6162
2250,61.1828,67.0662,56.3749,61.7776
2340,54.0103,43.7875,42.3702,45.3966
2430,52.7001,51.0889,43.4612,40.5359
2520,56.4249,58.6197,52.4617,45.0926
2610,57.7424,53.4919,48.8574,43.1334
2700,56.9729,45.8933,50.4888,43.7067
2790,55.9134,53.8431,47.5201,45.1517
2880,51.7821,50.6367,51.1545,42.1486
2970,52.9895,54.2262,47.6304,44.0914
3060,64.939,58.2419,59.0164,43.6388
3150,60.3083,48.3394,57.8889,42.8554
3240,53.2494,48.7457,58.3385,42.9997
3330,57.8903,48.8194,54.6622,41.9066
3420,61.3832,49.1198,54.0046,47.9553
3510,59.9571,54.7448,57.6981,40.9982
3600,64.0576,57.8515,52.5274,42.4501
3690,64.1815,52.1942,57.0426,49.0349
3780,61.537,57.0622,56.1068,45.8254
3870,65.1789,55.1971,54.863,42.378
3960,62.5134,52.2609,54.3304,40.2633
4050,65.7984,51.0915,52.9383,43.1185
4140,63.6673,54.3193,60.266,47.3655
4230,62.639,57.171,54.7373,45.1211
4320,64.338,55.3938,54.0373,46.301
4410,67.3956,58.8717,54.7009,46.2871
4500,76.9766,69.3652,60.2228,43.5145
4590,78.8167,73.1082,57.0926,38.7173
4680,81.0099,68.0192,64.3642,45.5057
4770,77.9643,65.8903,63.4384,38.3995
4860,85.4728,72.5017,62.7128,41.1711
4950,82.6067,76.191,65.7894,42.479
5040,85.0333,71.9988,67.6142,44.5885
5130,91.4697,79.3966,66.7165,43.991
5220,90.2842,74.9614,67.3982,43.0758
5310,91.9307,71.6082,65.9093,43.0765
5400,86.1722,69.0318,66.2426,44.0145
5490,89.4926,73.8335,68.0403,42.4082
5580,84.0607,76.0786,67.539,45.7976
5670,82.5601,79.3176,68.7587,44.0937
5760,81.8165,79.2116,63.7238,44.2761
5850,83.616,72.3403,63.1058,39.6552
5940,78.4409,80.4857,62.0772,45.5566
6030,80.1154,75.6516,68.7146,43.4767
6120,77.5999,76.5222,64.9974,42.8388
6210,81.6005,79.0757,66.7549,43.5588
6300,80.5239,73.6399,66.4914,43.2207
6390,81.0247,73.5635,67.6319,39.027
6480,77.2392,75.8379,66.7474,42.356
6570,79.8021,79.0001,62.7698,41.5013
6660,83.0501,78.4251,64.4865,42.2073
6750,78.6657,74.9135,69.0246,41.1689
6840,83.3753,72.3194,66.2021,41.0162
6930,80.8437,73.3493,65.6387,42.6714
7020,80.1024,81.4438,66.5138,41.3071
7110,80.601,73.7006,65.6206,41.0326
7200,81.2146,71.3654,66.4834,41.8962
7290,78.3792,71.0257,68.3164,40.3549
7380,81.5929,77.6587,66.7602,40.9385
7470,77.1457,77.4276,66.883,42.8783
7560,81.7988,83.6785,64.7957,35.3011
7650,81.6372,78.0693,61.4836,40.0539
7740,79.6675,80.6468,66.1736,38.6212
7830,78.5498,77.4654,67.4668,40.5954
7920,82.0998,74.6657,64.7934,42.139
8010,85.7718,73.2092,66.7345,41.1135
8100,90.746,76.8627,64.2935,37.9427
8190,91.4883,71.4513,68.7511,41.4544
8280,91.344,79.7315,65.163,40.819
8370,90.0442,72.0664,65.6271,44.3661
8460,92.2387,72.2902,65.4661,41.5581
8550,89.4727,74.6684,67.999,42.6306
8640,91.8094,73.7762,66.0093,43.3968
8730,92.669,76.8047,66.2559,42.0935
8820,89.7045,77.0464,66.0557,42.207
8910,92.4708,74.5201,68.5416,41.0094
9000,89.7448,76.1316,67.6566,40.8367
9090,90.8536,76.3121,65.933,41.9743
9180,92.3521,74.8982,68.2366,43.2081
9270,89.4594,74.1857,66.3539,42.5242
9360,91.694,72.7128,65.4032,43.2161
9450,92.7753,75.3094,64.8743,41.333
9540,90.6688,74.3626,67.4044,41.9928
9630,92.2978,75.2388,66.8539,40.8958
9720,89.9276,73.3744,65.5544,43.8759
9810,70.6754,60.4116,52.3167,44.1077
9900,68.7116,55.0738,50.6973,41.4394
9990,70.3024,60.2155,51.6074,41.0232
10080,68.8206,60.1628,51.8897,40.6228
10170,70.7342,59.8426,49.5525,40.4298
10260,68.4258,82.4917,70.6123,67.1892
10350,69.2733,82.3973,70.1813,69.908
10440,67.7999,80.1496,71.673,67.1678
10530,67.397,81.9225,69.1056,66.9894
10620,70.8573,80.5362,70.5331,67.7989
10710,69.4407,77.9338,70.9357,69.142
10800,67.4435,78.8233,71.9007,69.0584
10890,67.8718,82.6796,71.6176,68.5336
10980,70.9609,77.2938,71.7722,68.2288
11070,71.0802,82.5736,69.9017,66.8745
11160,69.1194,82.0816,70.0523,68.7525
11250,70.0829,78.9425,71.7918,68.9348
11340,70.9204,77.4173,72.807,68.3556
11430,67.8155,79.2588,69.2476,67.4951
11520,69.8699,81.5277,72.6225,69.9776
