Time,FC,PAS,PAM,PAD
-1,75,126,82,83
0,82.5,138.6,90.2,83
90,83.8581,140.532,91.9176,83
180,91.5032,135.291,98.862,83
270,83.4056,137.133,91.1469,83
360,81.706,140.914,90.8569,83
450,84.5128,139.388,89.4095,84.5597
540,83.5281,139.726,89.9346,81.8681
630,82.5039,140.288,88.8386,81.657
720,81.1163,142.539,93.2868,81.2178
810,83.5323,140.27,89.0498,81.8161
900,81.1269,115.524,68.6601,63.4038
990,80.9193,108.915,73.6466,67.6209
1080,71.7097,105.024,73.0289,68.4007
1170,74.8638,106.508,74.6824,66.322
1260,75.0666,141.942,94.0694,84.1837
1350,75.7228,136.759,90.085,83.9982
1440,71.6552,140.658,93.0421,80.4289
1530,74.5573,131.195,93.1872,82.2035
1620,72.3279,134.086,88.0616,80.2947
1710,62.7109,95.6704,39.0271,55.3428
1800,63.7983,102.156,40.992,58.1582
1890,61.2318,102.299,35.9617,58.7279
1980,66.2599,95.6022,60.4566,58.6605
2070,67.9375,98.3902,58.632,60.4944
2160,64.4517,95.2527,59.3348,57.6656
2250,63.2114,97.217,54.8282,61.0506
2340,66.1097,95.2386,60.5987,62.3828
2430,59.5637,65.962,43.9796,40.5828
2520,60.466,71.4742,46.988,45.5153
2610,60.189,66.0408,47.0272,43.8424
2700,60.3842,70.9417,45.261,34.0919
2790,58.7559,70.7431,47.2547,39.6706
2880,58.6918,73.4272,46.2205,42.1327
2970,58.2694,68.461,46.2385,40.087
3060,57.4372,67.1301,48.7646,43.442
3150,58.4804,70.3037,45.9809,43.6995
3240,57.4806,72.4577,46.713,43.4779
3330,59.9291,70.4795,43.8875,45.1123
3420,56.3787,67.3177,50.6802,42.1387
3510,57.9477,68.1473,43.893,39.6571
3600,58.1398,69.6868,49.2687,40.3229
3690,59.4612,71.3583,49.7696,44.6466
3780,60.584,71.5204,46.3689,42.5896
3870,60.5538,72.03,47.0512,43.8681
3960,64.0816,76.8479,47.156,43.8651
4050,63.8669,73.9493,46.098,44.5052
4140,69.3318,75.5298,48.8805,44.8243
4230,82.2772,86.7391,57.3321,42.2106
4320,83.6951,92.0277,57.0032,40.3837
4410,85.7958,88.4768,59.0031,40.2651
4500,88.5015,93.2343,59.0581,45.3723
4590,92.8891,93.8348,61.2837,42.5598
4680,89.3908,93.3669,62.9144,46.7027
4770,90.7472,96.1178,62.1173,43.9413
4860,91.5654,95.7906,61.6771,37.3811
4950,91.5295,94.9882,58.7831,44.461
5040,87.8888,100.228,64.6887,40.3378
5130,89.818,98.5415,63.0209,40.2349
5220,83.2696,98.2949,65.4028,42.8739
5310,84.3053,97.7726,68.053,44.0654
5400,86.0049,92.4123,64.6611,48.1488
5490,84.7135,99.4614,64.2556,43.5468
5580,85.2173,97.773,64.576,42.0396
5670,89.1322,96.1401,65.1669,43.5265
5760,86.7788,95.286,65.8814,38.9612
5850,89.5401,91.1389,64.357,43.5076
5940,89.5109,91.9865,63.4524,42.903
6030,87.9485,92.4658,62.1853,42.28
6120,88.4488,93.387,64.7115,41.6147
6210,90.1814,95.5506,64.2162,39.4104
6300,88.2987,93.8818,61.8436,41.3187
6390,90.8117,96.6092,63.9643,41.8788
6480,86.6967,94.2576,63.2032,38.4609
6570,91.6651,94.5582,63.5623,40.7513
6660,88.4817,94.2723,63.1439,40.5953
6750,88.4535,95.7353,62.2105,44.0269
6840,89.6728,93.0489,63.7339,42.6824
6930,87.3327,94.4824,64.2473,40.4336
7020,89.6141,94.0483,63.6864,43.1323
7110,89.4215,87.8149,64.1967,41.3654
7200,89.6655,98.0844,63.946,37.7028
7290,89.6702,95.9959,65.4494,43.5993
7380,90.0738,98.3058,59.839,43.5526
7470,88.8961,95.3239,60.2902,43.8353
7560,88.7161,90.3191,64.449,38.2742
7650,88.2432,93.9577,61.0034,40.8251
7740,86.526,92.7887,65.0198,41.5572
7830,90.8286,93.9586,63.3542,39.3997
7920,88.1766,91.6878,63.4905,42.3857
8010,90.9478,92.9034,63.5145,42.3142
8100,93.6447,91.3724,63.8071,37.9988
8190,94.5465,92.6869,62.9401,36.5176
8280,97.6662,91.0141,60.2354,37.8934
8370,96.8428,90.8985,60.8764,42.9898
8460,98.7882,93.3218,64.7983,42.9231
8550,99.926,92.4435,62.9704,39.9115
8640,100.209,95.8694,63.3456,42.675
8730,97.5261,93.4854,61.5964,41.3354
8820,97.2683,96.1209,63.4068,39.9223
8910,97.1645,96.2956,62.822,39.7947
9000,99.6243,93.9446,63.5319,39.809
9090,97.1678,94.8178,63.4367,43.3438
9180,98.5579,95.7025,64.3192,41.4772
9270,100.042,96.1762,62.37,42.9042
9360,100.21,92.644,61.4641,40.6195
9450,77.8064,75.8013,51.6919,41.086
9540,77.8251,70.812,47.3253,41.2939
9630,77.7514,68.8082,47.3946,40.013
9720,78.1959,69.9214,46.3001,41.7268
9810,79.5864,73.2118,47.3429,40.9025
9900,79.016,70.9722,48.5104,41.9596
9990,76.2681,102.018,68.0952,64.8124
10080,76.5068,103.791,68.546,66.3976
10170,75.4348,103.045,66.8261,65.4852
10260,78.2102,104.41,69.7103,64.5695
10350,77.7626,103.639,67.812,64.566
10440,78.0023,104.354,69.2901,66.4523
10530,77.3128,102.965,66.7148,64.9944
10620,78.266,100.954,66.3684,64.6671
10710,76.0765,103.526,68.5108,66.4516
10800,75.6246,102.24,67.9299,64.6883
10890,77.6961,103.943,69.1105,66.2549
10980,76.3504,104.76,69.673,64.1799
11070,76.3827,102.852,67.8768,64.4945
11160,75.5471,102.397,66.2859,66.7717
11250,77.403,104.578,68.7714,66.3817
