Time,FC,PAS,PAM,PAD
-1,69,119,102,81
0,75.9,130.9,112.2,81
90,76.5417,134.066,113.196,81
180,82.6426,129.658,111.562,81
270,77.6632,131.997,111.424,81
360,76.8914,129.837,111.654,81
450,75.8779,129.755,109.218,82.6119
540,75.8309,126.19,109.407,79.9598
630,74.6133,127.659,110.978,81.2282
720,75.8455,129.905,111.99,79.1434
810,74.6741,130.481,111.622,82.3493
900,75.5244,127.869,111.487,79.456
990,71.8131,103.988,88.3947,64.8721
1080,68.9531,111.7,86.5566,65.7625
1170,69.1114,102.687,89.513,62.3491
1260,66.5982,130.459,110.823,62.6755
1350,66.6387,126.804,111.379,79.4431
1440,67.8369,137.243,106.329,84.4796
1530,71.3973,128.864,115.16,80.7443
1620,68.7404,127.11,107.593,77.9019
1710,70.7092,132.599,110.346,81.3946
1800,59.5672,94.3906,45.2135,54.9381
1890,57.9524,86.8324,44.1792,55.748
1980,59.7141,85.641,74.1245,54.0397
2070,63.38,90.0427,68.6105,50.8638
2160,61.0758,89.2766,69.099,58.7977
2250,64.8367,87.8753,69.2362,55.755
2340,60.5317,88.4481,70.1735,58.5295
2430,56.3246,62.9328,45.2063,41.1344
2520,59.6742,65.0513,54.9723,33.4721
2610,56.3034,64.5449,54.6199,39.4318
2700,55.2156,61.827,54.9197,42.7471
2790,56.7867,65.1426,51.5043,39.1987
2880,55.9853,69.7482,53.3178,35.9493
2970,57.3758,70.0421,52.4039,37.2001
3060,57.1144,63.9138,56.1838,42.2085
3150,58.6902,66.4687,56.292,37.8251
3240,72.5087,79.1547,70.6304,36.4231
3330,58.9789,72.0078,50.3435,39.1543
3420,60.517,74.3731,49.6642,43.0471
3510,58.9837,70.8377,55.2343,36.1937
3600,59.9869,65.6661,53.2119,33.1062
3690,59.7894,68.4667,60.927,34.1502
3780,59.5134,66.2455,50.6112,35.4871
3870,58.6769,65.094,53.1347,35.4924
3960,59.4486,67.0892,55.1556,40.1034
4050,62.4715,72.5046,50.5885,35.2252
4140,63.7575,65.4664,52.7057,36.2878
4230,66.6324,68.0373,49.8815,39.324
4320,66.7654,71.4539,50.7278,33.6703
4410,68.6698,71.9373,50.6599,36.0984
4500,70.5694,64.86,54.7202,36.462
4590,69.2887,65.8434,50.1561,36.5057
4680,70.087,66.5502,56.9518,41.3711
4770,78.7026,72.4049,67.2536,39.3598
4860,79.7355,77.0117,66.8883,39.2809
4950,81.559,75.1922,67.8783,36.3674
5040,82.3965,75.4355,69.4887,35.9119
5130,85.7943,77.0112,68.6136,38.1876
5220,85.8341,77.8084,71.8004,41.7996
5310,86.7563,77.3029,78.9826,36.8666
5400,88.9503,83.9271,79.2648,39.8792
5490,88.3508,82.6008,74.4303,41.781
5580,90.1361,82.067,74.0846,36.5824
5670,90.1104,80.4348,72.463,39.7335
5760,90.2384,82.1567,71.9512,37.1545
5850,87.7588,84.072,73.3269,36.7259
5940,88.2943,77.9248,72.6239,38.2585
6030,86.4168,83.7707,73.4745,42.5719
6120,87.2615,80.2319,74.1879,40.8346
6210,86.3272,80.6254,74.1003,36.1832
6300,82.7185,79.5169,68.0679,39.5448
6390,82.8922,82.5524,72.9892,40.9754
6480,85.2002,75.5922,73.0247,38.4367
6570,83.2017,82.9856,72.7376,42.1027
6660,82.4728,81.4152,73.2736,42.9788
6750,84.511,83.8165,70.8867,43.1384
6840,83.5877,79.4153,76.0433,37.6987
6930,82.8343,77.1007,73.6967,39.261
7020,82.5056,85.0681,70.7878,43.9713
7110,82.8997,77.179,74.4518,35.0147
7200,83.2361,81.2664,73.7327,41.411
7290,87.3044,79.6244,74.1447,42.5019
7380,82.5028,76.4502,71.083,41.7219
7470,85.9619,79.1124,69.0208,36.1537
7560,87.3423,82.3225,72.7062,43.5109
7650,81.8126,83.3821,72.6532,44.3614
7740,82.7642,78.713,75.2769,41.185
7830,85.7271,75.9892,69.1549,35.9173
7920,84.9232,79.2619,70.113,37.7565
8010,85.6693,85.6219,71.8224,38.786
8100,85.422,84.4194,75.0038,39.0217
8190,86.7393,85.8689,73.5924,35.8311
8280,78.6908,80.3132,74.0823,44.4203
8370,85.182,80.835,73.1334,41.007
8460,86.0605,78.7708,71.3292,40.3364
8550,88.041,83.8479,71.0533,41.5255
8640,89.3296,87.6698,69.5486,41.6374
8730,91.0508,80.4411,74.8618,41.4694
8820,90.8052,85.7051,73.9759,41.7779
8910,94.2236,85.8114,77.3666,39.4024
9000,94.9369,82.8981,71.0842,42.8463
9090,98.0655,82.1615,72.3315,39.262
9180,95.9361,82.4681,72.4313,42.7936
9270,95.3039,90.1324,72.8936,42.716
9360,94.7173,86.9653,76.7557,36.7886
9450,96.7309,82.1415,73.451,40.8952
9540,97.3709,81.7467,73.8453,43.0841
9630,99.5004,84.6462,70.8937,40.0972
9720,95.31,89.8114,71.3549,37.029
9810,95.5715,85.6975,76.1682,42.3567
9900,92.432,87.7182,75.4205,38.8901
9990,98.5561,87.6891,71.1814,39.6217
10080,95.1668,86.742,73.5585,38.9402
10170,94.018,86.3631,75.7789,42.7246
10260,95.0268,86.2448,75.646,40.3474
10350,98.6586,88.7573,74.65,40.9224
10440,92.7855,83.8125,75.3521,39.0534
10530,93.8191,84.0739,78.1482,40.4747
10620,75.3818,67.5938,61.7323,41.5914
10710,77.626,63.4507,60.3041,39.6827
10800,75.6496,66.6138,58.1149,40.7747
10890,78.1733,61.1018,59.8345,38.9711
10980,74.6766,61.7057,58.4997,40.4952
11070,77.1942,61.8394,58.9066,41.288
11160,73.5793,95.7408,85.0129,65.6828
11250,73.8734,98.7463,85.4226,62.5061
11340,75.1978,97.6851,87.1022,66.5507
11430,73.6432,94.3524,85.6585,62.8526
11520,74.4008,99.152,84.3057,66.8425
11610,73.1234,96.6105,85.1241,62.8872
11700,75.9197,95.9466,87.367,64.3005
11790,75.5788,99.3534,84.8791,65.8925
11880,74.6635,95.4582,86.5869,65.2022
11970,74.0914,98.1807,87.2665,66.0382
12060,75.1594,94.9265,87.6906,65.4975
12150,74.967,93.6156,87.9652,66.1255
12240,73.1678,98.5168,88.1033,62.707
