Time,FC,PAS,PAM,PAD
-1,89,139,88,80
0,97.9,152.9,96.8,80
90,96.9437,154.866,97.8879,80
180,96.695,152.439,106.609,80
270,96.4037,150.805,94.8011,80
360,97.5931,156.568,94.4314,80
450,96.4421,155.959,97.3251,79.7262
540,96.1543,157.498,92.3532,80.8702
630,94.7297,153.788,98.5754,78.7152
720,94.1443,151.496,92.6059,81.3311
810,93.7835,150.714,94.2781,78.0726
900,98.3465,149.207,96.8143,79.8157
990,91.0185,121.884,83.2001,63.3839
1080,91.4591,122.563,83.1539,65.0516
1170,87.4624,123.756,76.4792,69.1861
1260,89.9482,157.33,79.7112,78.6643
1350,89.8658,148.69,94.3421,79.9087
1440,87.3088,151.16,96.0714,83.6626
1530,84.1017,151.866,98.3609,78.0257
1620,88.6956,154.616,96.9191,79.5624
1710,89.5554,148.603,94.3621,78.5614
1800,87.0972,154.57,94.1457,82.5985
1890,88.5619,152.234,95.1822,82.5154
1980,80.0531,107.295,72.3192,54.7333
2070,78.0943,106.608,45.14,56.9546
2160,75.116,106.921,44.8981,57.4067
2250,82.0406,106.022,66.2064,55.9243
2340,79.8541,106.104,67.2593,53.6754
2430,82.4043,106.874,65.358,53.3137
2520,82.3661,104.144,64.386,53.6205
2610,76.3385,72.1389,43.9837,38.9699
2700,75.0051,69.5009,51.2041,42.2659
2790,80.3817,77.9412,54.8784,36.7248
2880,78.1885,76.8493,52.181,36.0176
2970,75.6373,74.6282,46.3484,38.8761
3060,75.5006,74.123,48.4972,42.3208
3150,78.6497,75.5496,51.4016,40.5625
3240,75.9932,73.8351,55.751,38.315
3330,74.9198,73.6589,49.3591,43.2428
3420,80.6992,77.9268,54.2423,36.1271
3510,85.9916,84.0075,54.6799,35.5545
3600,86.0625,78.2722,49.3728,36.3479
3690,90.3754,79.3901,50.2628,32.3709
3780,86.6826,76.4887,44.903,37.0611
3870,88.3742,78.6913,44.4828,32.9907
3960,83.9566,76.8322,44.5558,36.4971
4050,85.8537,81.7117,53.0897,34.6117
4140,84.9793,78.813,50.9483,36.4165
4230,85.8032,76.7373,50.8768,39.683
4320,88.9582,83.5004,52.1812,34.7003
4410,86.9374,77.8941,48.0592,35.5222
4500,87.187,80.5748,49.979,36.2936
4590,89.3295,81.4734,48.5223,35.9093
4680,87.996,83.6336,51.7954,36.1813
4770,85.17,76.6964,53.6289,39.1869
4860,87.7067,77.3832,49.4101,35.927
4950,89.1126,85.4112,53.5695,39.3511
5040,87.5735,80.0209,45.8372,34.9659
5130,86.8548,78.8517,52.041,33.9586
5220,92.4254,81.7959,45.0939,37.6057
5310,90.75,84.6481,51.4321,37.0302
5400,113.375,92.8315,65.2525,37.2562
5490,115.234,94.3467,68.354,37.1583
5580,116.117,94.9385,66.6787,36.1852
5670,114.823,96.6747,61.4551,36.4794
5760,125.049,99.6031,67.2137,36.9211
5850,127.194,102.961,66.2836,38.8134
5940,126.347,101.34,66.9252,38.3409
6030,128.681,97.3291,69.3241,36.425
6120,130.176,100.652,73.9871,40.0056
6210,128.328,101.642,76.188,38.5948
6300,129.353,104.572,72.6995,33.7805
6390,124.791,98.4969,74.6712,34.4538
6480,122.368,99.1368,72.6818,37.8466
6570,118.442,98.3089,73.829,34.7033
6660,118.202,104.416,72.4964,37.4665
6750,118.542,104.254,75.5642,37.6108
6840,114.961,105.454,73.6697,34.628
6930,117.699,107.514,75.0756,39.1967
7020,119.208,100.483,74.6038,38.911
7110,115.94,101.262,73.4871,37.6477
7200,117.426,100.848,73.7184,37.1101
7290,117.068,103.115,73.2992,38.9088
7380,116.91,99.8559,75.9376,36.3817
7470,119.176,100.464,71.3403,36.9934
7560,119.009,105.409,74.6167,36.7913
7650,116.079,103.953,72.9119,39.6683
7740,119.908,104.427,77.1973,39.5408
7830,117.337,101.345,75.3048,35.5245
7920,117.569,100.257,70.5141,35.1225
8010,119.939,101.584,70.0795,40.5719
8100,118.527,102.397,76.98,39.1826
8190,116.361,101.838,68.6396,44.2232
8280,117.965,98.926,77.8211,42.0897
8370,120.691,97.1726,77.9461,39.5713
8460,122.913,107.204,76.5384,40.0167
8550,119.156,101.577,79.1481,37.7387
8640,116.49,98.9682,71.5978,38.0443
8730,121.068,101.85,79.729,40.1511
8820,121.125,102.859,76.4405,42.0388
8910,126.22,106.019,77.5866,41.8421
9000,125.171,97.2383,77.1979,37.3312
9090,130.99,106.678,75.5109,37.8695
9180,130.114,107,77.1344,39.7881
9270,132.72,102.604,77.0009,37.219
9360,134.027,101.413,75.7291,40.2077
9450,132.322,101.166,77.8605,41.0022
9540,129.714,104.292,76.1966,36.1498
9630,131.002,105.514,76.5313,41.0104
9720,133.725,105.105,74.356,41.4373
9810,132.571,101.407,81.1368,36.6083
9900,134.097,104.259,81.6381,41.125
9990,135.415,107.21,81.211,38.2572
10080,132.539,104.594,76.2554,39.0789
10170,134.611,104.283,79.3779,38.2315
10260,132.27,107.593,81.1778,39.4134
10350,131.757,106.47,82.4477,36.6452
10440,136.695,105.787,79.0418,41.326
10530,132.868,102.439,77.0134,39.0053
10620,135.637,103.785,79.7476,40.1303
10710,134.031,107.743,78.627,40.174
10800,133.992,105.553,77.4838,39.1865
10890,134.462,106.445,83.3545,37.882
10980,135.798,109.278,80.9569,37.7812
11070,136.529,105.728,81.8477,39.8321
11160,135.397,104.968,79.4911,37.6129
11250,135.574,107.665,82.7893,39.1031
11340,133.366,105.781,78.8773,39.5362
11430,133.943,105.443,78.5559,38.9892
11520,135.033,107.214,81.8314,39.4892
11610,134.153,108.961,79.5574,38.6774
11700,134.496,105.079,80.4466,38.7674
11790,133.422,105.846,82.8933,40.8991
11880,106.624,85.0587,69.6295,41.0715
11970,109.375,88.0903,66.7393,37.3868
12060,106.019,86.1832,67.8135,38.9847
12150,108.29,86.8969,69.0147,37.9298
12240,106.256,86.5994,68.3804,39.4022
12330,99.1585,121.544,87.9494,65.815
12420,101.575,118.562,85.1569,62.8757
12510,99.384,118.234,84.234,65.0293
12600,99.1441,117.265,86.8922,63.1817
12690,101.184,121.586,85.36,66.1446
12780,99.0798,121.152,85.782,62.1092
12870,99.3563,118.149,84.7549,64.6608
12960,100.584,121.115,84.5633,62.9523
13050,100.791,121.649,84.5058,65.4008
13140,98.3695,118.948,83.945,65.2877
13230,99.8643,117.541,86.2769,62.2674
13320,97.5144,117.731,85.504,66.1691
13410,97.484,120.086,88.5589,64.1774
13500,99.3847,118.841,86.4611,66.2094
13590,99.6749,120.42,86.9091,63.4343
